00000000000000000011010110010111
00000000000000000010011000010111
00000000000000000100010100010111
00000000000000000101101110010111
00000000000000000101110010110111
00000000000000000000010000110111
00000000000000000101001000110111
00000000000000000101101000110111
00000101001001010000010110100011
00000101010101010100011000100011
00000101110101011000010100100011
00000100011101011100101110100011
00000111111101000000110010100011
00000111000001000100010000100011
00000111101001001000001000100011
00000110100101001100101000100011
00000110110010100010000010000011
00000110100000100010011010000011
00000110010001000010111000000011
00000110000011001010101100000011
00000101110010111010110000000011
00000101100001010010110110000011
00000101010001100010100010000011
00000101000001011010011100000011
00000010111010010001001111100011
00000011000110101001001111100011
00000011101111101001001111100011
00000011100000111001001111100011
00000011011011111001001111100011
00000011110010000001001111100011
00000010110111010001001111100011
00000010000101001001001111100011
00000101010000000000000010010011
00000000000000101010000001101111
00000100011000000000000010010011