00000000000000000010000110110111
00000000000000000011010000110111
00000000000000000010010100110111
00000000000000001001000100110111
00000100111001001000000110100011
00000101011101001100010000100011
00000101111001010000010100100011
00000101010101010100000100100011
00000101010000010010100110000011
00000101000001010010010110000011
00000100110001000010101000000011
00000100100000011010001000000011
00000000010001110001101111100011
00000001010010111001101111100011
00000000101111110001101111100011
00000001001110101001101111100011
00000101010000000000000010010011
00000000000000011010000001101111
00000100011000000000000010010011