00000000010000000000101100010011
00000000000000000000001000110011
00000000000000000000111110110011
00000001010000000000011010010011
00001011000000000000000100010011
00000000010000000000101110010011
00000000110000000000011000010011
00000001000000000000110000010011
00000000001001011100011010100011
00000011011101000000011010100011
00000010110001000100011010100011
00000011100001001000011010100011
00000000001011111001101000010011
00000000110110100000101010110011
00000001110010101010111010000011
00000001110100100000001000110011
00000000000111111000111110010011
00000001111110110000110001100011
00000000000000010001000001101111
00001101000000000000001010010011
00000000010100100001111101100011
00000101010000000000000010010011
00000000000000100001000001101111
00000100011000000000000010010011