00001010100000000000111000010011
00000100010100000000101100010011
00000000110100000000000100010011
00000001110100000000100100010011
00000000001000000000110010010011
00000001110010110100010011100011
00000001110010110101100001100011
01000001001000010000111110110011
00000001001000010111010110110011
00000001111101011000010110110011
00000001100101011101010110110011
11111111111100000000001010010011
00000000101100101001110101100011
00000001001000010110111110110011
00000001001000010100010110110011
00000001111101011000010110110011
01000001100101011101010110110011
00000000101100000000001010010011
00000000101100101001110101100011
00000101010000000000000010010011
00000000000000011101000001101111
00000100011000000000000010010011