00001010111000000000010100010011
00001010110100000000101010010011
00000001010101010011000100110011
00000000101010101110001111100011
00000000101010101111011101100011
00000111101001010110110000010011
01000000101010101000000010110011
01000000000100001101000010010011
00000000000000001111000010110011
00000000000000000000100000010011
00000000000110000000101011100011
00000010101101010110110000010011
01000000101010101000000010110011
01000000000000001101000010010011
00000000000000001111000010110011
00000000000000000000100000010011
00000000000110000000001111100011
00000101010000000000000010010011
00000000000000011011000001101111
00000100011000000000000010010011