00001001001100000000010000010011
00000011000000000000101100010011
00000011010000000000011010010011
00000100001000000000111000010011
00000000010000000000011110010011
00000000100010110100010011100011
00000000100010110101100001100011
01000001110001101000010010110011
00000001110001101111101010110011
00000000111010101010101010010011
00000000111110101101101010110011
11111111111100000000100010010011
00000001010110001001110101100011
00000001110001101110010010110011
00000001110001101100101010110011
00001001111110101011101010010011
01000000111110101101101010110011
00000000111000000000100010010011
00000001010110001001110101100011
00000101010000000000000010010011
00000000000000011101000001101111
00000100011000000000000010010011