00000000111100000000111100010011
00000000000100000000101000010011
00000000000100000000100100010011
00000000001100000000111110010011
00000001111000000000011111100011
00000001111010010000100111100011
00000001111011111100101111100011
00000001001010100000110000110011
00000000000010010000101000010011
00000000000011000000100100010011
00000000000111111000111110010011
00000000000000001001000001101111
00000000000000000000110000010011
00000000000000000000001100010011
00000001100000110001111101100011
00000000000100000000110000010011
00000000000100000000101010010011
00000001100010101001111101100011
00100110001000000000100010010011
00000001100010001001100111100011
00000101010000000000000010010011
00000000000000100001000001101111
00000100011000000000000010010011