00000101100000000000101110010011
00011110001000000000110000010011
00010111110000000000110010010011
00110110100000000000110100010011
00001111001100000000110110010011
00011100001100000000111000010011
00000000010100000000111010010011
00001111010000000000111100010011
00011001100000000000111110010011
00000001011110111000101110110011
00000001100011000100110000110011
01000001100111001000110010110011
00000001101011010101110100110011
00000001101111011111110110110011
01000001110011100101111000110011
00000001110111101001111010110011
00000001111011110110111100110011
00000001111111111000111110110011
00001011000000000000000100010011
00000000000000000000000110010011
00000000000000000000001000010011
00000000001100000000001010010011
00001111001100000000001100010011
00000011100000000000001110010011
00001010000000000000010000010011
00001111010000000000010010010011
00110011000000000000010100010011
00000011011100010001010111100011
00000011100000011001010111100011
00000011100100100001010111100011
00000011101000101001010111100011
00000011101100110001010111100011
00000011110000111001010111100011
00000011110101000001010111100011
00000011111001001001010111100011
00000011111101010001010111100011
00000101010000000000000010010011
00000000000000101110000001101111
00000100011000000000000010010011