00000000010000000000110110010011
00000000000000000000010010010011
00000000000000000000111000010011
00000000010000000000000110010011
00000000010000000000101100010011
00000001000000000000101000010011
00000000110000000000011010010011
00000000100000000000110100010011
00000011011000101000000110100011
00000011010000101100000110100011
00000010110100110000000110100011
00000011101000110100000110100011
00000000001011100001001100010011
00000000001100110000011000110011
00000010100001100001110010000011
00000001100101001000010010110011
00000000000111100000111000010011
00000001110011011000110001100011
00000000000000010001000001101111
00000010100000000000001110010011
00000000011101001001111101100011
00000101010000000000000010010011
00000000000000100001000001101111
00000100011000000000000010010011