00001011000000000000001100010011
10000000000000000000011100010011
00011110111000110010110000010011
00000000011001110110001111100011
00000000011001110111011101100011
00000101100000110110000010010011
01000000011001110000110100110011
01000000000111010101110100010011
00000000000011010111110100110011
00000000000000000000010000010011
00000001101001000000101011100011
00000001111000110110000010010011
01000000011001110000110100110011
01000000010011010101110100010011
00000000000011010111110100110011
00000000000000000000010000010011
00000001101001000000101011100011
00000101010000000000000010010011
00000000000000011011000001101111
00000100011000000000000010010011