00000000000000000111000110110111
00000000000000001000101000110111
00000000000000000010001100110111
00000000000000000111001000110111
00000100111000001000000110100011
00000100110100001000101000100011
00000101100000001000001100100011
00000101001000001000001000100011
00000100100000100000011000000011
00000100100000110000001110000011
00000100100010100000001010000011
00000100100000011000100110000011
00000001001101110001101111100011
00000000010101101001101111100011
00000000011111000001101111100011
00000000110010010001101111100011
00000101010000000000000010010011
00000000000000011010000001101111
00000100011000000000000010010011