00000000101000000000000010010011
00001010011100000000011010010011
00000000110100001010001010110011
00000000000101101110001111100011
00000000000101101111011101100011
00001001010100001110101110010011
01000000000101101000011000110011
01000000000101100101011000010011
00000000000001100111011000110011
00000000000000000000010010010011
00000000110001001000101011100011
00001001101000001110101110010011
01000000000101101000011000110011
01000000001101100101011000010011
00000000000001100111011000110011
00000000000000000000010010010011
00000000110001001000101011100011
00000101010000000000000010010011
00000000000000011011000001101111
00000100011000000000000010010011