00000000100100000000011100010011
00000000000100000000110100010011
00000000000100000000011110010011
00000000001100000000001010010011
00000000111000000000011111100011
00000000111001111000100111100011
00000000111000101100101111100011
00000000111111010000010000110011
00000000000001111000110100010011
00000000000001000000011110010011
00000000000100101000001010010011
00000000000000001001000001101111
00000000000000000000010000010011
00000000000000000000101110010011
00000000100010111001111101100011
00000000000100000000010000010011
00000000000100000000101000010011
00000000100010100001111101100011
00000010001000000000001100010011
00000000100000110001100111100011
00000101010000000000000010010011
00000000000000100001000001101111
00000100011000000000000010010011