00000111101000000000010010010011
00001100000100000000001110010011
00001100000101001011111010010011
00000000100100111110001111100011
00000000100100111111011101100011
00001011111101001110101100010011
01000000100100111000011100110011
01000000000101110101011100010011
00000000000001110111011100110011
00000000000000000000000110010011
00000000111000011000101011100011
00001100001101001110101100010011
01000000100100111000011100110011
01000000000001110101011100010011
00000000000001110111011100110011
00000000000000000000000110010011
00000000111000011000101011100011
00000101010000000000000010010011
00000000000000011011000001101111
00000100011000000000000010010011