00000000010000000000100010010011
00000000000000000000000110110011
00000000000000000000111000110011
00000011010000000000100000010011
00000000001000000000001010010011
00000010010000000000110100010011
00000000000000000000000100010011
00000011000000000000110110010011
00000100110000000000100110010011
00000001101000100100100000100011
00000000001000101000100000100011
00000001101100101100100000100011
00000001001100110000100000100011
00000000010111100001010010110011
00000001000001001000111010110011
00000000111010100100111010000011
00000000111000011000000110110011
00000000000111100000111000010011
00000001110010001000110011100011
00000000000000010010000001101111
00001010000000000000010100010011
00000000101000011001111111100011
00000101010000000000000010010011
00000000000000100010000001101111
00000100011000000000000010010011