10000000000000000000110100010011
00001100010000000000000100010011
00000000001011010011100010110011
00000001101000010110001111100011
00000001101000010111011101100011
00000110110011010110010010010011
01000001101000010000101110110011
01000000001010111101101110010011
00000000000010111111101110110011
00000000000000000000010100010011
00000001011101010000101011100011
00000010000111010110010010010011
01000001101000010000101110110011
01000000000110111101101110010011
00000000000010111111101110110011
00000000000000000000010100010011
00000001011101010000101011100011
00000101010000000000000010010011
00000000000000011011000001101111
00000100011000000000000010010011