00000000000000001000001110110111
00000000000000000000110100110111
00000000000000000000000100110111
00000000000000000100100000110111
00000000000000001000011010110111
00000000000000000010101100110111
00000000000000000001000110110111
00000000000000001000111010110111
00000001001001011100001110100011
00000010110001000000110100100011
00000010101101000100000100100011
00000011110001001000100000100011
00000010010001001100011010100011
00000010100101010000101100100011
00000011100001010100000110100011
00000010111001011000111010100011
00000011100011101010101010000011
00000011010000011010101000000011
00000011000010110010110010000011
00000010110001101010111110000011
00000010100010000010001100000011
00000010010000010010010000000011
00000010000011010010110110000011
00000001110000111010100110000011
00000011001110010001001111100011
00000011101101100001001111100011
00000010100001011001001111100011
00000010011011100001001111100011
00000011111100100001001111100011
00000011100101001001001111100011
00000011010011000001001111100011
00000011010101110001001111100011
00000101010000000000000010010011
00000000000000101010000001101111
00000100011000000000000010010011