00000101001000000000110000010011
11111110111100000000010000010011
00000010111000000000101010010011
00001010110100000000010110010011
00000000010000000000011000010011
00000001100001000100010011100011
00000001100001000101100001100011
01000000101110101000100000110011
00000000101110101111100010110011
00000001000010001010100010110011
00000000110010001101100010110011
11111111101000000000110100010011
00000001000111010001110101100011
00000000101110101110100000110011
00000000101110101100100010110011
00000001000010001011100010110011
01000000110010001101100010110011
00000001001100000000110100010011
00000001000111010001110101100011
00000101010000000000000010010011
00000000000000011101000001101111
00000100011000000000000010010011