00000001000100000000011000010011
00001010101100000000111010010011
00000011100000000000110000010011
00000000110011101110001111100011
00000000110011101111011101100011
00001100000111000000110100010011
00000011100111000111111110010011
00000001101011111000111110110011
00000000001011111101111110010011
00000100110000000000001010010011
00000001111100101001110001100011
00000000111111000110110100010011
00000011100111000100111110010011
00000001101011111000111110110011
01000000010011111101111110010011
00000000010000000000001010010011
00000001111100101001110001100011
00000101010000000000000010010011
00000000000000011011000001101111
00000100011000000000000010010011