00000110011000000000111000010011
00000110010100000000100000010011
00000001000011100011110110110011
00000001110010000110001111100011
00000001110010000111011101100011
00000100000011100110110010010011
01000001110010000000000010110011
01000000001100001101000010010011
00000000000000001111000010110011
00000000000000000000101010010011
00000000000110101000101011100011
00000011000011100110110010010011
01000001110010000000000010110011
01000000001100001101000010010011
00000000000000001111000010110011
00000000000000000000101010010011
00000000000110101000001111100011
00000101010000000000000010010011
00000000000000011011000001101111
00000100011000000000000010010011