00000000010000000000011000010011
00000000000000000000000110010011
00000000000000000000100110010011
00000000000000000000010110010011
00000010000000000000011100010011
00000100010000000000000100010011
00000100110000000000011010010011
00000100100000000000111100010011
00000000111000101000010110100011
00000000001000101100010110100011
00000000110100110000010110100011
00000001111000110100010110100011
00000000001010011001010100010011
00000000101101010000001010110011
00000000100000101001111010000011
00000001110100011000000110110011
00000000000110011000100110010011
00000001001101100000110001100011
00000000000000010001000001101111
00001111100000000000001000010011
00000000010000011001111101100011
00000101010000000000000010010011
00000000000000100001000001101111
00000100011000000000000010010011