10000000000000000000100010010011
00001011001000000000001100010011
00000000011010001011111100110011
00000001000100110110001111100011
00000001000100110111011101100011
00001011101110001110011100010011
01000001000100110000111000110011
01000000000011100101111000010011
00000000000011100111111000110011
00000000000000000000011010010011
00000001110001101000101011100011
00001001000010001110011100010011
01000001000100110000111000110011
01000000000011100101111000010011
00000000000011100111111000110011
00000000000000000000011010010011
00000001110001101000101011100011
00000101010000000000000010010011
00000000000000011011000001101111
00000100011000000000000010010011