00000101101000000000000110010011
11111111011100000000010000010011
00000001100100000000010110010011
00000010010100000000001000010011
00000000010000000000110010010011
00000000001101000100010011100011
00000000001101000101100001100011
01000000010001011000001010110011
00000000010001011111011110110011
00000000010101111000011110110011
00000001100101111101011110110011
11111111111100000000110110010011
00000000111111011001110101100011
00000000010001011110001010110011
00000000010001011100011110110011
00000000010101111000011110110011
01000001100101111101011110110011
00000000011100000000110110010011
00000000111111011001110101100011
00000101010000000000000010010011
00000000000000011101000001101111
00000100011000000000000010010011