00000000000000000011011000110111
00000000000000000111110110110111
00000000000000000010110100110111
00000000000000001000011100110111
00000000101001010100011000100011
00000000010101011000110110100011
00000000100001011100110100100011
00000011001001000000011100100011
00000010000001110010101110000011
00000001110011010010001000000011
00000001100011011010100010000011
00000001010001100010101010000011
00000001010101010001101111100011
00000001000100101001101111100011
00000000010001000001101111100011
00000001011110010001101111100011
00000101010000000000000010010011
00000000000000011010000001101111
00000100011000000000000010010011