10000000000000000000010110010011
00001000010000000000100110010011
00000001001101011011001110110011
00000000101110011110001111100011
00000000101110011111011101100011
00001100001101011110000010010011
01000000101110011000100000110011
01000000010010000101100000010011
00000000000010000111100000110011
00000000000000000000110000010011
00000001000011000000101011100011
00001011101101011110000010010011
01000000101110011000100000110011
01000000000110000101100000010011
00000000000010000111100000110011
00000000000000000000110000010011
00000001000011000000101011100011
00000101010000000000000010010011
00000000000000011011000001101111
00000100011000000000000010010011