00001011010000000000111100010011
00000101000100000000011110010011
00000110111000000000000100010011
00000111000100000000010000010011
00000000010000000000010100010011
00000001111001111100010011100011
00000001111001111101100001100011
01000000100000010000000110110011
00000000100000010111101010110011
00000010100010101010101010010011
00000000101010101101101010110011
00000000010100000000011010010011
00000001010101101001110101100011
00000000100000010110000110110011
00000000100000010100101010110011
00001011111110101011101010010011
01000000101010101101101010110011
00000000100100000000011010010011
00000001010101101001110101100011
00000101010000000000000010010011
00000000000000011101000001101111
00000100011000000000000010010011