00001001001000000000011000010011
00000011110000000000000100010011
00000000001001100010100110110011
00000000110000010110001111100011
00000000110000010111011101100011
00000010101101100110011110010011
01000000110000010000111100110011
01000000001011110101111100010011
00000000000011110111111100110011
00000000000000000000000110010011
00000001111000011000101011100011
00001010000001100110011110010011
01000000110000010000111100110011
01000000010011110101111100010011
00000000000011110111111100110011
00000000000000000000000110010011
00000001111000011000101011100011
00000101010000000000000010010011
00000000000000011011000001101111
00000100011000000000000010010011