00000000010000000000011010010011
00000000000000000000011100110011
00000000000000000000111010110011
00000000010000000000101000010011
00000011110000000000011000010011
00000000000000000000101110010011
00000001010000000000010010010011
00000010110000000000111110010011
00000010110001011100101000100011
00000101011101000000101000100011
00000100100101000100101000100011
00000101111101001000101000100011
00000000001011101001110010010011
00000001010011001000101010110011
00000011110010101010000010000011
00000000000101110000011100110011
00000000000111101000111010010011
00000001110101101000110001100011
00000000000000010001000001101111
00000111110000000000001000010011
00000000010001110001111101100011
00000101010000000000000010010011
00000000000000100001000001101111
00000100011000000000000010010011