00001100011000000000010010010011
00001100010100000000111000010011
00000001110001001011010000110011
00000000100111100110001111100011
00000000100111100111011101100011
00001001101001001110000110010011
01000000100111100000001110110011
01000000001100111101001110010011
00000000000000111111001110110011
00000000000000000000000100010011
00000000011100010000101011100011
00001010001001001110000110010011
01000000100111100000001110110011
01000000001100111101001110010011
00000000000000111111001110110011
00000000000000000000000100010011
00000000011100010000001111100011
00000101010000000000000010010011
00000000000000011011000001101111
00000100011000000000000010010011