00001000100100000000011000010011
10000000000000000000011110010011
00011010010001100010111010010011
00000000110001111110001111100011
00000000110001111111011101100011
00000010101101100110110110010011
01000000110001111000010000110011
01000000000001000101010000010011
00000000000001000111010000110011
00000000000000000000100010010011
00000000100010001000101011100011
00001010111001100110110110010011
01000000110001111000010000110011
01000000001101000101010000010011
00000000000001000111010000110011
00000000000000000000100010010011
00000000100010001000101011100011
00000101010000000000000010010011
00000000000000011011000001101111
00000100011000000000000010010011