00000010111100000000110110010011
11111100110000000000101110010011
00000111101000000000011100010011
00000010110100000000011010010011
00000000001100000000000010010011
00000001101110111100010011100011
00000001101110111101100001100011
01000000110101110000101100110011
00000000110101110111001010110011
00000001011000101000001010110011
00000000000100101101001010110011
00000000111000000000111100010011
00000000010111110001110101100011
00000000110101110110101100110011
00000000110101110100001010110011
00000001011000101000001010110011
01000000000100101101001010110011
00000001101000000000111100010011
00000000010111110001110101100011
00000101010000000000000010010011
00000000000000011101000001101111
00000100011000000000000010010011