00000010100000000000001010010011
00000111000000000000110010010011
00000001100100101010101010110011
00000000010111001110001111100011
00000000010111001111011101100011
00001000011000101110000100010011
01000000010111001000111110110011
01000000000111111101111110010011
00000000000011111111111110110011
00000000000000000000010000010011
00000001111101000000101011100011
00000101101000101110000100010011
01000000010111001000111110110011
01000000000011111101111110010011
00000000000011111111111110110011
00000000000000000000010000010011
00000001111101000000101011100011
00000101010000000000000010010011
00000000000000011011000001101111
00000100011000000000000010010011