00000000000000001000110000110111
00000000000000000100001000110111
00000000000000000010111100110111
00000000000000000011001010110111
00000000000000000001010110110111
00000000000000000001101000110111
00000000000000001000100000110111
00000000000000001001100110110111
00000110111101000100110000100011
00000111101101001000001000100011
00000111010101001100111100100011
00000111001001010000001010100011
00000111011101010100010110100011
00000110111001011000101000100011
00000110011001011100100000100011
00001001111101000000100110100011
00001000000010011010000100000011
00000111110010000010111000000011
00000111100010100010011000000011
00000111010001011010110010000011
00000111000000101010111010000011
00000110110011110010010100000011
00000110100000100010110100000011
00000110010011000010100010000011
00000011000101111001001111100011
00000011101011011001001111100011
00000010101010101001001111100011
00000011110110010001001111100011
00000011100110111001001111100011
00000010110001110001001111100011
00000011110000110001001111100011
00000010001011111001001111100011
00000101010000000000000010010011
00000000000000101010000001101111
00000100011000000000000010010011