00001000111100000000111010010011
00000110111000000000011000010011
00000000110011101010010100110011
00000001110101100110001111100011
00000001110101100111011101100011
00000011110111101110111100010011
01000001110101100000010010110011
01000000001101001101010010010011
00000000000001001111010010110011
00000000000000000000101000010011
00000000100110100000101011100011
00000110001111101110111100010011
01000001110101100000010010110011
01000000001101001101010010010011
00000000000001001111010010110011
00000000000000000000101000010011
00000000100110100000101011100011
00000101010000000000000010010011
00000000000000011011000001101111
00000100011000000000000010010011