00001001000100000000001110010011
00000010111000000000011000010011
00001010100100000000000010010011
00001100000000000000000100010011
00000000010000000000110100010011
00000000011101100100010011100011
00000000011101100101100001100011
01000000001000001000010100110011
00000000001000001111010010110011
00000000101001001010010010110011
00000001101001001101010010110011
00000000011000000000000110010011
00000000100100011001110101100011
00000000001000001110010100110011
00000000001000001100010010110011
00000000101001001011010010110011
01000001101001001101010010110011
00000001010100000000000110010011
00000000100100011001110101100011
00000101010000000000000010010011
00000000000000011101000001101111
00000100011000000000000010010011