00000000010000000000100110010011
00000000000000000000101000110011
00000000000000000000010100110011
00000001000000000000110100010011
00000001010000000000010010010011
00000100110000000000111100010011
00000010100000000000000010010011
00000001110000000000011000010011
00000000100100001100110100100011
00000001111000010000110100100011
00000000000100010100110100100011
00000000110000011000110100100011
00000000001001010001100100010011
00000001101010010000100010110011
00000000110010001000110000000011
00000001100010100000101000110011
00000000000101010000010100010011
00000000101010011000110001100011
00000000000000010001000001101111
00001010010000000000110110010011
00000001101110100001111101100011
00000101010000000000000010010011
00000000000000100001000001101111
00000100011000000000000010010011