00000111011100000000110100010011
00000001000100000000101010010011
00000101000100000000100100010011
00000001101010101110001111100011
00000001101010101111011101100011
00000101101110010000010010010011
00000000001110010111110110010011
00000000100111011000110110110011
00000000000111011101110110010011
00000101011000000000111110010011
00000001101111111001110001100011
00000100011010010110010010010011
00000010101010010100110110010011
00000000100111011000110110110011
01000000000011011101110110010011
00001101001000000000111110010011
00000001101111111001110001100011
00000101010000000000000010010011
00000000000000011011000001101111
00000100011000000000000010010011