00000000000000000001110010010111
00000000000000000010010110010111
00000000000000000111011110010111
00000000000000000011001100010111
00000000000000000110110110110111
00000000000000000111000010110111
00000000000000000110110100110111
00000000000000000100101110110111
00000000010101001000110010100011
00000001111101001100010110100011
00000001000001010000011110100011
00000001001101010100001100100011
00000001111001011000110110100011
00000000001101011100000010100011
00000011010001000000110100100011
00000010010001000100101110100011
00000010010010111010011100000011
00000010000011010010101010000011
00000001110000001010110000000011
00000001100011011010000100000011
00000001010000110010101100000011
00000001000001111010100010000011
00000000110001011010111010000011
00000000100011001010111000000011
00000011110000101001001111100011
00000011110111111001001111100011
00000011000110000001001111100011
00000011011010011001001111100011
00000010001011110001001111100011
00000011100000011001001111100011
00000011010110100001001111100011
00000010111000100001001111100011
00000101010000000000000010010011
00000000000000101010000001101111
00000100011000000000000010010011