00000000000000001000001110010111
00000000000000001000100010010111
00000000000000000100010010010111
00000000000000000101001100010111
00000000000000001000110100110111
00000000000000000101100000110111
00000000000000000000101000110111
00000000000000000011001010110111
00000010001101011000001110100011
00000011110001011100100010100011
00000101100101000000010010100011
00000101100001000100001100100011
00000100111001001000110100100011
00000100111101001100100000100011
00000101111101010000101000100011
00000100110101010100001010100011
00000101010000101010101110000011
00000101000010100010101100000011
00000100110010000010010100000011
00000100100011010010001000000011
00000100010000110010110110000011
00000100000001001010010110000011
00000011110010001010010000000011
00000011100000111010011000000011
00000010110000011001001111100011
00000010100011100001001111100011
00000010101111001001001111100011
00000011101111000001001111100011
00000010010001110001001111100011
00000010101001111001001111100011
00000011011011111001001111100011
00000011011101101001001111100011
00000101010000000000000010010011
00000000000000101010000001101111
00000100011000000000000010010011