00000000000000000001010010010111
00000000000000000010100100010111
00000000000000000100101100010111
00000000000000000100110110010111
00000000000000000100110000110111
00000000000000000111010110110111
00000000000000001000001110110111
00000000000000000000100110110111
00000000100001011100010010100011
00000010010101000000100100100011
00000010000101000100101100100011
00000011110101001000110110100011
00000010111001001100110000100011
00000010001101010000010110100011
00000011000001010100001110100011
00000011101001011000100110100011
00000011100010011010101000000011
00000011010000111010011000000011
00000011000001011010111100000011
00000010110011000010011110000011
00000010100011011010011010000011
00000010010010110010111000000011
00000010000010010010001000000011
00000001110001001010010100000011
00000010101001000001001111100011
00000010010000101001001111100011
00000011110000001001001111100011
00000010110111101001001111100011
00000010111101110001001111100011
00000011111000011001001111100011
00000010110010000001001111100011
00000011010011010001001111100011
00000101010000000000000010010011
00000000000000101010000001101111
00000100011000000000000010010011