10000000000000000000111010010011
00001100001100000000000110010011
00000000001111101011001100110011
00000001110100011110001111100011
00000001110100011111011101100011
00001011010111101110101010010011
01000001110100011000100100110011
01000000001110010101100100010011
00000000000010010111100100110011
00000000000000000000110010010011
00000001001011001000101011100011
00000001101111101110101010010011
01000001110100011000100100110011
01000000001110010101100100010011
00000000000010010111100100110011
00000000000000000000110010010011
00000001001011001000101011100011
00000101010000000000000010010011
00000000000000011011000001101111
00000100011000000000000010010011