00000000110000000000000100010011
00000000000100000000010000010011
00000000000100000000010110010011
00000000001100000000111010010011
00000000001000000000011111100011
00000000001001011000100111100011
00000000001011101100101111100011
00000000101101000000010100110011
00000000000001011000010000010011
00000000000001010000010110010011
00000000000111101000111010010011
00000000000000001001000001101111
00000000000000000000010100010011
00000000000000000000111100010011
00000000101011110001111101100011
00000000000100000000010100010011
00000000000100000000101110010011
00000000101010111001111101100011
00001001000000000000001100010011
00000000101000110001100111100011
00000101010000000000000010010011
00000000000000100001000001101111
00000100011000000000000010010011