00000000010000000000011100010011
00000000000000000000001000110011
00000000000000000000010010110011
00000000000000000000001100010011
00000000001000000000110100010011
00000011000000000000010110010011
00000100110000000000110000010011
00000011010000000000111110010011
00000001100000000000110010010011
00000100101100100000001100100011
00000101100000100100001100100011
00000101111100101000001100100011
00000101100100101100001100100011
00000001101001001001100100110011
00000000011010010000101110110011
00000100111110100000101110000011
00000000111100100000001000110011
00000000000101001000010010010011
00000000100101110000110011100011
00000000000000010010000001101111
00001100100000000000010100010011
00000000101000100001111111100011
00000101010000000000000010010011
00000000000000100010000001101111
00000100011000000000000010010011