00000001000100000000011000010011
00000000000100000000101010010011
00000000000100000000011110010011
00000000001100000000110100010011
00000000110000000000011111100011
00000000110001111000100111100011
00000000110011010100101111100011
00000000111110101000111000110011
00000000000001111000101010010011
00000000000011100000011110010011
00000000000111010000110100010011
00000000000000001001000001101111
00000000000000000000111000010011
00000000000000000000001100010011
00000001110000110001111101100011
00000000000100000000111000010011
00000000000100000000011100010011
00000001110001110001111101100011
01100011110100000000100100010011
00000001110010010001100111100011
00000101010000000000000010010011
00000000000000100001000001101111
00000100011000000000000010010011