00000000010000000000111110010011
00000000000000000000110010010011
00000000000000000000001110010011
00000010100000000000010000010011
00000011100000000000111010010011
00000100110000000000010010010011
00000001110000000000000110010011
00000011000000000000011110010011
00000011110100111100010000100011
00000100100100100000010000100011
00000100001100100100010000100011
00000100111100101000010000100011
00000000001000111001010110010011
00000000100001011000011000110011
00000011110001100001100110000011
00000001001111001000110010110011
00000000000100111000001110010011
00000000011111111000110001100011
00000000000000010001000001101111
00001101000000000000101010010011
00000001010111001001111101100011
00000101010000000000000010010011
00000000000000100001000001101111
00000100011000000000000010010011