00000110111000000000100110010011
00001001001000000000101000010011
00001001011100000000000010010011
00000001001110100110001111100011
00000001001110100111011101100011
00000111100000001000110000010011
00000001110000001111100100010011
00000001100010010000100100110011
00000000001110010101100100010011
00000010010000000000010010010011
00000001001001001001110001100011
00000101101000001110110000010011
00000101011000001100100100010011
00000001100010010000100100110011
01000000001110010101100100010011
00000011010000000000010010010011
00000001001001001001110001100011
00000101010000000000000010010011
00000000000000011011000001101111
00000100011000000000000010010011