00001100001000000000111110010011
00001100000100000000010000010011
00000000100011111011100100110011
00000001111101000110001111100011
00000001111101000111011101100011
00000111001011111110111010010011
01000001111101000000111000110011
01000000001111100101111000010011
00000000000011100111111000110011
00000000000000000000100000010011
00000001110010000000101011100011
00000100010011111110111010010011
01000001111101000000111000110011
01000000001011100101111000010011
00000000000011100111111000110011
00000000000000000000100000010011
00000001110010000000001111100011
00000101010000000000000010010011
00000000000000011011000001101111
00000100011000000000000010010011