00000011000000000000101100010011
10000000000000000000000110010011
00011101100110110010001000010011
00000001011000011110001111100011
00000001011000011111011101100011
00000011001110110110000010010011
01000001011000011000100000110011
01000000000010000101100000010011
00000000000010000111100000110011
00000000000000000000100100010011
00000001000010010000101011100011
00000001000010110110000010010011
01000001011000011000100000110011
01000000000110000101100000010011
00000000000010000111100000110011
00000000000000000000100100010011
00000001000010010000101011100011
00000101010000000000000010010011
00000000000000011011000001101111
00000100011000000000000010010011