00001010111100000000011110010011
00000111110100000000100000010011
00000011111000000000011010010011
00000000111110000110001111100011
00000000111110000111011101100011
00000010111001101000100010010011
00000101011001101111111100010011
00000001000111110000111100110011
00000000001011110101111100010011
00000010000000000000101000010011
00000001111010100001110001100011
00000111011101101110100010010011
00001100001101101100111100010011
00000001000111110000111100110011
01000000000111110101111100010011
00001011111000000000101000010011
00000001111010100001110001100011
00000101010000000000000010010011
00000000000000011011000001101111
00000100011000000000000010010011