00000110111000000000100000010011
10000000000000000000101110010011
00001111110010000010010110010011
00000001000010111110001111100011
00000001000010111111011101100011
00001001001110000110010000010011
01000001000010111000000010110011
01000000001000001101000010010011
00000000000000001111000010110011
00000000000000000000001110010011
00000000000100111000101011100011
00000100010010000110010000010011
01000001000010111000000010110011
01000000010000001101000010010011
00000000000000001111000010110011
00000000000000000000001110010011
00000000000100111000101011100011
00000101010000000000000010010011
00000000000000011011000001101111
00000100011000000000000010010011