00000111010100000000010000010011
00000010010000000000110110010011
00000110000100000000011010010011
00000000100011011110001111100011
00000000100011011111011101100011
00001000001101101000011100010011
00001010100001101111100000010011
00000000111010000000100000110011
00000000010010000101100000010011
00000001000000000000110010010011
00000001000011001001110001100011
00001000011101101110011100010011
00000111000001101100100000010011
00000000111010000000100000110011
01000000010010000101100000010011
00000000111100000000110010010011
00000001000011001001110001100011
00000101010000000000000010010011
00000000000000011011000001101111
00000100011000000000000010010011