00000000000000000110000100010111
00000000000000000101100110010111
00000000000000000001111100010111
00000000000000000100110100010111
00000000000000000110101100110111
00000000000000000101100000110111
00000000000000000010111010110111
00000000000000000000100100110111
00000001100101010000000100100011
00000000110001010100100110100011
00000000000101011000111100100011
00000001110001011100110100100011
00000010101101000000101100100011
00000010100001000100100000100011
00000010010101001000111010100011
00000010101001001100100100100011
00000010110010010010101110000011
00000010100011101010110110000011
00000010010010000010101010000011
00000010000010110010100010000011
00000001110011010010011110000011
00000001100011110010001100000011
00000001010010011010011010000011
00000001000000010010001110000011
00000010011111001001001111100011
00000010110101100001001111100011
00000010011000001001001111100011
00000010111111100001001111100011
00000011000101011001001111100011
00000011010101000001001111100011
00000011101100101001001111100011
00000011011101010001001111100011
00000101010000000000000010010011
00000000000000101010000001101111
00000100011000000000000010010011