00000000000000001001110010110111
00000000000000000101001000110111
00000000000000000110011000110111
00000000000000001000010110110111
00000011101101000000110010100011
00000011010001000100001000100011
00000011100001001000011000100011
00000010100001001100010110100011
00000010110001011010100100000011
00000010100001100010011100000011
00000010010000100010011110000011
00000010000011001010001110000011
00000000011111011001101111100011
00000000111110100001101111100011
00000000111011000001101111100011
00000001001001000001101111100011
00000101010000000000000010010011
00000000000000011010000001101111
00000100011000000000000010010011