00000000010000000000101100010011
00000000000000000000011100110011
00000000000000000000111000110011
00000011000000000000101000010011
00001011000000000000100010010011
00000100000000000000101110010011
00000000100000000000001000010011
00000011000000000000011000010011
00000011000101000100101000100011
00000011011101001000101000100011
00000010010001001100101000100011
00000010110001010000101000100011
00000000001011100001100100010011
00000001010010010000010010110011
00000010010001001010110110000011
00000001101101110000011100110011
00000000000111100000111000010011
00000001110010110000110001100011
00000000000000010001000001101111
00010010100000000000000110010011
00000000001101110001111101100011
00000101010000000000000010010011
00000000000000100001000001101111
00000100011000000000000010010011