00000000000000000111110010110111
00000000000000000011110000110111
00000000000000000011010000110111
00000000000000000011100100110111
00000110111000000100110010100011
00000110001000000100110000100011
00000110001100000100010000100011
00000111010100000100100100100011
00000110010010010000100000000011
00000110010001000000100010000011
00000110010011000000001000000011
00000110010011001000111010000011
00000001110101110001101111100011
00000000010000010001101111100011
00000001000100011001101111100011
00000001000010101001101111100011
00000101010000000000000010010011
00000000000000011010000001101111
00000100011000000000000010010011