00001010100000000000010010010011
00001010011100000000010100010011
00000000101001001011011010110011
00000000100101010110001111100011
00000000100101010111011101100011
00001001100101001110001000010011
01000000100101010000000010110011
01000000000100001101000010010011
00000000000000001111000010110011
00000000000000000000110000010011
00000000000111000000101011100011
00000110010001001110001000010011
01000000100101010000000010110011
01000000010000001101000010010011
00000000000000001111000010110011
00000000000000000000110000010011
00000000000111000000001111100011
00000101010000000000000010010011
00000000000000011011000001101111
00000100011000000000000010010011