00000000000000000000111010110111
00000000000000000010100110110111
00000000000000000101111100110111
00000000000000000010000110110111
00000000000000000101111110110111
00000000000000000011110110110111
00000000000000000011101110110111
00000000000000000110110000110111
00000011100101010000111010100011
00000010101101010100100110100011
00000010010001011000111100100011
00000011110001011100000110100011
00000100010101000000111110100011
00000100110001000100110110100011
00000100011101001000101110100011
00000101010001001100110000100011
00000100110011000010001100000011
00000100100010111010010010000011
00000100010011011010010100000011
00000100000011111010011100000011
00000011110000011010010000000011
00000011100011110010011110000011
00000011010010011010100000000011
00000011000011101010100100000011
00000011001011001001001111100011
00000011000001011001001111100011
00000010111100100001001111100011
00000010100011100001001111100011
00000010111000101001001111100011
00000010101001100001001111100011
00000010100100111001001111100011
00000010011010100001001111100011
00000101010000000000000010010011
00000000000000101010000001101111
00000100011000000000000010010011