00001001100100000000000010010011
00000011011000000000001000010011
00000001011000000000101010010011
00000010000000000000101000010011
00000000000000000000010010010011
00000000000100100100010011100011
00000000000100100101100001100011
01000001010010101000101100110011
00000001010010101111011000110011
00000001011001100000011000110011
00000000100101100101011000110011
11111111011000000000010110010011
00000000110001011001110101100011
00000001010010101110101100110011
00000001010010101100011000110011
00000001011001100000011000110011
01000000100101100101011000110011
00000110110000000000010110010011
00000000110001011001110101100011
00000101010000000000000010010011
00000000000000011101000001101111
00000100011000000000000010010011