00000000000000000001001010110111
00000000000000001001011100110111
00000000000000000001110010110111
00000000000000001001000100110111
00000101001100001000001010100011
00000100111100001000011100100011
00000101100000001000110010100011
00000101011000001000000100100011
00000100100000010000110110000011
00000100100011001000010100000011
00000100100001110000111010000011
00000100100000101000100000000011
00000001000010011001101111100011
00000001110101111001101111100011
00000000101011000001101111100011
00000001101110110001101111100011
00000101010000000000000010010011
00000000000000011010000001101111
00000100011000000000000010010011