00000000010000000000111000010011
00000000000000000000010010110011
00000000000000000000001010110011
00000011110000000000001000010011
00000000001000000000110010010011
00000010010000000000001100010011
00000000100000000000011000010011
00000001000000000000100000010011
00000001010000000000100110010011
00000000011000000100001000100011
00000000110000001000001000100011
00000001000000001100001000100011
00000001001100010000001000100011
00000001100100101001011100110011
00000000010001110000001110110011
00000000010000111100010110000011
00000000101101001000010010110011
00000000000100101000001010010011
00000000010111100000110011100011
00000000000000010010000001101111
00000101000000000000101100010011
00000001011001001001111111100011
00000101010000000000000010010011
00000000000000100010000001101111
00000100011000000000000010010011