00001100011100000000001010010011
10000000000000000000000110010011
00110001100100101010010110010011
00000000010100011110001111100011
00000000010100011111011101100011
00001011001000101110110100010011
01000000010100011000011100110011
01000000010001110101011100010011
00000000000001110111011100110011
00000000000000000000100110010011
00000000111010011000101011100011
00000000111000101110110100010011
01000000010100011000011100110011
01000000001001110101011100010011
00000000000001110111011100110011
00000000000000000000100110010011
00000000111010011000101011100011
00000101010000000000000010010011
00000000000000011011000001101111
00000100011000000000000010010011