00000000010000000000100100010011
00000000000000000000111100110011
00000000000000000000100010110011
00000100010000000000010000010011
00000000001000000000001010010011
00000001000000000000101000010011
00000011100000000000101110010011
00000010110000000000011000010011
00000000010000000000001110010011
00000011010000001100010000100011
00000011011100010000010000100011
00000010110000010100010000100011
00000010011100011000010000100011
00000000010110001001000110110011
00000000100000011000111110110011
00000010110011111100110110000011
00000001101111110000111100110011
00000000000110001000100010010011
00000001000110010000110011100011
00000000000000010010000001101111
00000111100000000000101010010011
00000001010111110001111111100011
00000101010000000000000010010011
00000000000000100010000001101111
00000100011000000000000010010011