00000010100000000000111110010011
11111100010100000000001000010011
00000010000100000000000010010011
00000001101100000000000110010011
00000000000000000000100010010011
00000001111100100100010011100011
00000001111100100101100001100011
01000000001100001000010010110011
00000000001100001111010000110011
00000000100101000000010000110011
00000001000101000101010000110011
00000000011100000000100100010011
00000000100010010001110101100011
00000000001100001110010010110011
00000000001100001100010000110011
00000000100101000000010000110011
01000001000101000101010000110011
00000111010100000000100100010011
00000000100010010001110101100011
00000101010000000000000010010011
00000000000000011101000001101111
00000100011000000000000010010011