00000000110000000000101010010011
00000000000100000000011000010011
00000000000100000000001100010011
00000000001100000000100010010011
00000001010100000000011111100011
00000001010100110000100111100011
00000001010110001100101111100011
00000000011001100000100000110011
00000000000000110000011000010011
00000000000010000000001100010011
00000000000110001000100010010011
00000000000000001001000001101111
00000000000000000000100000010011
00000000000000000000110010010011
00000001000011001001111101100011
00000000000100000000100000010011
00000000000100000000101110010011
00000001000010111001111101100011
00001001000000000000011010010011
00000001000001101001100111100011
00000101010000000000000010010011
00000000000000100001000001101111
00000100011000000000000010010011