00000000100000000000111110010011
00000000000100000000110110010011
00000000000100000000001110010011
00000000001100000000001010010011
00000001111100000000011111100011
00000001111100111000100111100011
00000001111100101100101111100011
00000000011111011000110010110011
00000000000000111000110110010011
00000000000011001000001110010011
00000000000100101000001010010011
00000000000000001001000001101111
00000000000000000000110010010011
00000000000000000000111010010011
00000001100111101001111101100011
00000000000100000000110010010011
00000000000100000000000010010011
00000001100100001001111101100011
00000001010100000000011100010011
00000001100101110001100111100011
00000101010000000000000010010011
00000000000000100001000001101111
00000100011000000000000010010011