00000000000000000001011100010111
00000000000000000111111010010111
00000000000000000011111110010111
00000000000000000000111100010111
00000000000000000100100010110111
00000000000000000011001100110111
00000000000000000001001000110111
00000000000000000100110000110111
00000001000001010100011100100011
00000000110101011000111010100011
00000001001101011100111110100011
00000011100101000000111100100011
00000011011001000100100010100011
00000010111101001000001100100011
00000010001001001100001000100011
00000011010101010000110000100011
00000011000011000010000110000011
00000010110000100010111000000011
00000010100000110010000010000011
00000010010010001010110100000011
00000010000011110010101110000011
00000001110011111010101000000011
00000001100011101010001110000011
00000001010001110010110110000011
00000011101110000001001111100011
00000010011101101001001111100011
00000011010010011001001111100011
00000011011111001001001111100011
00000011101010110001001111100011
00000010000101111001001111100011
00000011110000010001001111100011
00000010001110101001001111100011
00000101010000000000000010010011
00000000000000101010000001101111
00000100011000000000000010010011