10000000000000000000110000010011
00000010100100000000001010010011
00000000010111000011010010110011
00000001100000101110001111100011
00000001100000101111011101100011
00001001111111000110101100010011
01000001100000101000010100110011
01000000000001010101010100010011
00000000000001010111010100110011
00000000000000000000110010010011
00000000101011001000101011100011
00000100110111000110101100010011
01000001100000101000010100110011
01000000000001010101010100010011
00000000000001010111010100110011
00000000000000000000110010010011
00000000101011001000101011100011
00000101010000000000000010010011
00000000000000011011000001101111
00000100011000000000000010010011