00000011000100000000101110010011
00000011000000000000111100010011
00000001111010111011000110110011
00000001011111110110001111100011
00000001011111110111011101100011
00000011011110111110001000010011
01000001011111110000011110110011
01000000000001111101011110010011
00000000000001111111011110110011
00000000000000000000010110010011
00000000111101011000101011100011
00001000011010111110001000010011
01000001011111110000011110110011
01000000001001111101011110010011
00000000000001111111011110110011
00000000000000000000010110010011
00000000111101011000001111100011
00000101010000000000000010010011
00000000000000011011000001101111
00000100011000000000000010010011