00000010111000000000011010010011
00000010110100000000111000010011
00000001110001101011101000110011
00000000110111100110001111100011
00000000110111100111011101100011
00000111011001101110000100010011
01000000110111100000011100110011
01000000001101110101011100010011
00000000000001110111011100110011
00000000000000000000101100010011
00000000111010110000101011100011
00000110011001101110000100010011
01000000110111100000011100110011
01000000000001110101011100010011
00000000000001110111011100110011
00000000000000000000101100010011
00000000111010110000001111100011
00000101010000000000000010010011
00000000000000011011000001101111
00000100011000000000000010010011