00000000101100000000010110010011
00000000000100000000011100010011
00000000000100000000110000010011
00000000001100000000101000010011
00000000101100000000011111100011
00000000101111000000100111100011
00000000101110100100101111100011
00000001100001110000100000110011
00000000000011000000011100010011
00000000000010000000110000010011
00000000000110100000101000010011
00000000000000001001000001101111
00000000000000000000100000010011
00000000000000000000001000010011
00000001000000100001111101100011
00000000000100000000100000010011
00000000000100000000100010010011
00000001000010001001111101100011
00000101100100000000100100010011
00000001000010010001100111100011
00000101010000000000000010010011
00000000000000100001000001101111
00000100011000000000000010010011