00000000010000000000111010010011
00000000000000000000101000110011
00000000000000000000011110110011
00000000010000000000110010010011
00001000010000000000101010010011
00000100000000000000111110010011
00000011000000000000101100010011
00000001010000000000001100010011
00000011010101000100110010100011
00000011111101001000110010100011
00000011011001001100110010100011
00000010011001010000110010100011
00000000001001111001111000010011
00000001100111100000000110110011
00000010010000011010010100000011
00000000101010100000101000110011
00000000000101111000011110010011
00000000111111101000110001100011
00000000000000010001000001101111
00010000100000000000100100010011
00000001001010100001111101100011
00000101010000000000000010010011
00000000000000100001000001101111
00000100011000000000000010010011