00000000101000000000100010010011
11111010011100000000010000010011
00001000111000000000111010010011
00001100001100000000000010010011
00000000000100000000011100010011
00000001000101000100010011100011
00000001000101000101100001100011
01000000000111101000010010110011
00000000000111101111101000110011
00000000100110100010101000110011
00000000111010100101101000110011
00000010011000000000111100010011
00000001010011110001110101100011
00000000000111101110010010110011
00000000000111101100101000110011
00000000100110100011101000110011
01000000111010100101101000110011
00001000111000000000111100010011
00000001010011110001110101100011
00000101010000000000000010010011
00000000000000011101000001101111
00000100011000000000000010010011