00000000010000000000100110010011
00000000000000000000011000110011
00000000000000000000100100110011
00000010010000000000101110010011
00000010100000000000111000010011
00000000100000000000000100010011
00000010010000000000100010010011
00000011010000000000100000010011
00000111110001000000101110100011
00000110001001000100101110100011
00000111000101001000101110100011
00000111000001001100101110100011
00000000001010010001111100010011
00000001011111110000000010110011
00000110000000001010010010000011
00000000100101100000011000110011
00000000000110010000100100010011
00000001001010011000110001100011
00000000000000010001000001101111
00001000100000000000101010010011
00000001010101100001111101100011
00000101010000000000000010010011
00000000000000100001000001101111
00000100011000000000000010010011