00000000000000000110110110110111
00000000000000000100010110110111
00000000000000000010100010110111
00000000000000000011101110110111
00000000000000000000110010110111
00000000000000000111000110110111
00000000000000000101110000110111
00000000000000000011111110110111
00000000111001011000110110100011
00000000010101011100010110100011
00000010011001000000100010100011
00000011010001000100101110100011
00000010110001001000110010100011
00000011110101001100000110100011
00000010101001010000110000100011
00000011001001010100111110100011
00000011010011111010001000000011
00000011000011000010111100000011
00000010110000011010000100000011
00000010100011001010110100000011
00000010010010111010101100000011
00000010000010001010010000000011
00000001110001011010111000000011
00000001100011011010100110000011
00000011001101110001001111100011
00000011110000101001001111100011
00000010100000110001001111100011
00000011011010100001001111100011
00000011101001100001001111100011
00000010001011101001001111100011
00000011111001010001001111100011
00000010010010010001001111100011
00000101010000000000000010010011
00000000000000101010000001101111
00000100011000000000000010010011