00000000000000000111101110110111
00000000000000000100011100110111
00000000000000000011001100110111
00000000000000000111001000110111
00000101000000011000101110100011
00000101001000011000011100100011
00000100101000011000001100100011
00000100111100011000001000100011
00000101100000100000100010000011
00000101100000110000101000000011
00000101100001110000101010000011
00000101100010111000001010000011
00000000010110000001101111100011
00000001010110010001101111100011
00000001010001010001101111100011
00000001000101111001101111100011
00000101010000000000000010010011
00000000000000011010000001101111
00000100011000000000000010010011