00000000000000000100111110110111
00000000000000000100110010110111
00000000000000001000101010110111
00000000000000000101010010110111
00000001000000010000111110100011
00000000111000010000110010100011
00000000010000010000101010100011
00000001010000010000010010100011
00000001000001001000100010000011
00000001000010101000001010000011
00000001000011001000000100000011
00000001000011111000110100000011
00000001101010000001101111100011
00000000001001110001101111100011
00000000010100100001101111100011
00000001000110100001101111100011
00000101010000000000000010010011
00000000000000011010000001101111
00000100011000000000000010010011