00001010100000000000011010010011
00000000011000000000011100010011
00000000111001101010111000110011
00000000110101110110001111100011
00000000110101110111011101100011
00000110101101101110000010010011
01000000110101110000101000110011
01000000001010100101101000010011
00000000000010100111101000110011
00000000000000000000000110010011
00000001010000011000101011100011
00001000011001101110000010010011
01000000110101110000101000110011
01000000001110100101101000010011
00000000000010100111101000110011
00000000000000000000000110010011
00000001010000011000101011100011
00000101010000000000000010010011
00000000000000011011000001101111
00000100011000000000000010010011