00000001000000000000011000010011
00000000000100000000000010010011
00000000000100000000010110010011
00000000001100000000010010010011
00000000110000000000011111100011
00000000110001011000100111100011
00000000110001001100101111100011
00000000101100001000011110110011
00000000000001011000000010010011
00000000000001111000010110010011
00000000000101001000010010010011
00000000000000001001000001101111
00000000000000000000011110010011
00000000000000000000000100010011
00000000111100010001111101100011
00000000000100000000011110010011
00000000000100000000111100010011
00000000111111110001111101100011
00111101101100000000010000010011
00000000111101000001100111100011
00000101010000000000000010010011
00000000000000100001000001101111
00000100011000000000000010010011