00000001001000000000111000010011
11111010111100000000110010010011
00001010000100000000100010010011
00000000101000000000101110010011
00000000000100000000101010010011
00000001110011001100010011100011
00000001110011001101100001100011
01000001011110001000001000110011
00000001011110001111011110110011
00000000010001111000011110110011
00000001010101111101011110110011
00000100101100000000101100010011
00000000111110110001110101100011
00000001011110001110001000110011
00000001011110001100011110110011
00000000010001111000011110110011
01000001010101111101011110110011
00001010101100000000101100010011
00000000111110110001110101100011
00000101010000000000000010010011
00000000000000011101000001101111
00000100011000000000000010010011