00000000111000000000100110010011
00000000000100000000011100010011
00000000000100000000011010010011
00000000001100000000010000010011
00000001001100000000011111100011
00000001001101101000100111100011
00000001001101000100101111100011
00000000110101110000111110110011
00000000000001101000011100010011
00000000000011111000011010010011
00000000000101000000010000010011
00000000000000001001000001101111
00000000000000000000111110010011
00000000000000000000100000010011
00000001111110000001111101100011
00000000000100000000111110010011
00000000000100000000000110010011
00000001111100011001111101100011
00010111100100000000101110010011
00000001111110111001100111100011
00000101010000000000000010010011
00000000000000100001000001101111
00000100011000000000000010010011