00001001011100000000100110010011
00001001011000000000001110010011
00000000011110011011011000110011
00000001001100111110001111100011
00000001001100111111011101100011
00000101011110011110100010010011
01000001001100111000000010110011
01000000000100001101000010010011
00000000000000001111000010110011
00000000000000000000111110010011
00000000000111111000101011100011
00000010110010011110100010010011
01000001001100111000000010110011
01000000001000001101000010010011
00000000000000001111000010110011
00000000000000000000111110010011
00000000000111111000001111100011
00000101010000000000000010010011
00000000000000011011000001101111
00000100011000000000000010010011