00001011011000000000011000010011
00001010100000000000100110010011
00001010111000000000011110010011
00000000110010011110001111100011
00000000110010011111011101100011
00001001001001111000111110010011
00001010001101111111011010010011
00000001111101101000011010110011
00000000001101101101011010010011
00000011110000000000001010010011
00000000110100101001110001100011
00000111111001111110111110010011
00000101001101111100011010010011
00000001111101101000011010110011
01000000000101101101011010010011
00001111110100000000001010010011
00000000110100101001110001100011
00000101010000000000000010010011
00000000000000011011000001101111
00000100011000000000000010010011