10000000000000000000111010010011
00001010111100000000110010010011
00000001100111101011100110110011
00000001110111001110001111100011
00000001110111001111011101100011
00000000110011101110010010010011
01000001110111001000011000110011
01000000001001100101011000010011
00000000000001100111011000110011
00000000000000000000101010010011
00000000110010101000101011100011
00000100110011101110010010010011
01000001110111001000011000110011
01000000010001100101011000010011
00000000000001100111011000110011
00000000000000000000101010010011
00000000110010101000101011100011
00000101010000000000000010010011
00000000000000011011000001101111
00000100011000000000000010010011