00000000010000000000101010010011
00000000000000000000001010110011
00000000000000000000111110110011
00000011000000000000100110010011
00000000001000000000011000010011
00000100000000000000001000010011
00000100010000000000011110010011
00000010110000000000010110010011
00000000010000000000101100010011
00000000010000001100100110100011
00000000111100010000100110100011
00000000101100010100100110100011
00000001011000011000100110100011
00000000110011111001000010110011
00000001001100001000110110110011
00000000110011011100110000000011
00000001100000101000001010110011
00000000000111111000111110010011
00000001111110101000110011100011
00000000000000010010000001101111
00001011010000000000101110010011
00000001011100101001111111100011
00000101010000000000000010010011
00000000000000100010000001101111
00000100011000000000000010010011