00000000000000001000111010110111
00000000000000000100000110110111
00000000000000000111100010110111
00000000000000000110000100110111
00000000000000000010110010110111
00000000000000001000001000110111
00000000000000000010111110110111
00000000000000000101011110110111
00000100011001000000111010100011
00000101111001000100000110100011
00000100101101001000100010100011
00000101110001001100000100100011
00000101101001010000110010100011
00000100110001010100001000100011
00000101100001011000111110100011
00000101010001011100011110100011
00000101110001111010010100000011
00000101100011111010010010000011
00000101010000100010011010000011
00000101000011001010001110000011
00000100110000010010011100000011
00000100100010001010100100000011
00000100010000011010010000000011
00000100000011101010001010000011
00000010010100110001001111100011
00000010100011110001001111100011
00000011001001011001001111100011
00000010111011100001001111100011
00000010011111010001001111100011
00000010110101100001001111100011
00000010100111000001001111100011
00000010101010100001001111100011
00000101010000000000000010010011
00000000000000101010000001101111
00000100011000000000000010010011