00000010111100000000000110010011
11111100110000000000001000010011
00000101000100000000010000010011
00000100001100000000111110010011
00000000010000000000100000010011
00000000001100100100010011100011
00000000001100100101100001100011
01000001111101000000001100110011
00000001111101000111110000110011
00000000011011000000110000110011
00000001000011000101110000110011
00000000010000000000010100010011
00000001100001010001110101100011
00000001111101000110001100110011
00000001111101000100110000110011
00000000011011000000110000110011
01000001000011000101110000110011
00000000011000000000010100010011
00000001100001010001110101100011
00000101010000000000000010010011
00000000000000011101000001101111
00000100011000000000000010010011