00001100010000000000010110010011
00000110000100000000110110010011
00000011001100000000111110010011
00000110010000000000100110010011
00000000001100000000111000010011
00000000101111011100010011100011
00000000101111011101100001100011
01000001001111111000100000110011
00000001001111111111110000110011
00000001000011000000110000110011
00000001110011000101110000110011
11111111110100000000011100010011
00000001100001110001110101100011
00000001001111111110100000110011
00000001001111111100110000110011
00000001000011000000110000110011
01000001110011000101110000110011
00000001100100000000011100010011
00000001100001110001110101100011
00000101010000000000000010010011
00000000000000011101000001101111
00000100011000000000000010010011