00000000010100000000001000010011
00000000000100000000101110010011
00000000000100000000000100010011
00000000001100000000011110010011
00000000010000000000011111100011
00000000010000010000100111100011
00000000010001111100101111100011
00000000001010111000111110110011
00000000000000010000101110010011
00000000000011111000000100010011
00000000000101111000011110010011
00000000000000001001000001101111
00000000000000000000111110010011
00000000000000000000010010010011
00000001111101001001111101100011
00000000000100000000111110010011
00000000000100000000100100010011
00000001111110010001111101100011
00000000010100000000100000010011
00000001111110000001100111100011
00000101010000000000000010010011
00000000000000100001000001101111
00000100011000000000000010010011