00000000010000000000100010010011
00000000000000000000001010110011
00000000000000000000011110110011
00000100010000000000100110010011
00000000001000000000000100010011
00000010110000000000000110010011
00000100010000000000001000010011
00000010010000000000011100010011
00000001110000000000100100010011
00000100001100100100100110100011
00000100010000101000100110100011
00000100111000101100100110100011
00000101001000110000100110100011
00000000001001111001001110110011
00000001001100111000010010110011
00000101100010100100010010000011
00000001100000101000001010110011
00000000000101111000011110010011
00000000111110001000110011100011
00000000000000010010000001101111
00001011000000000000011000010011
00000000110000101001111111100011
00000101010000000000000010010011
00000000000000100010000001101111
00000100011000000000000010010011