00000000010000000000101110010011
00000000000000000000100010010011
00000000000000000000101010010011
00000001110000000000111010010011
00000000110000000000110110010011
00000001000000000000111000010011
00000011000000000000001000010011
00000011110000000000001100010011
00000001101100101000111010100011
00000001110000101100111010100011
00000000010000110000111010100011
00000000011000110100111010100011
00000000001010101001101000010011
00000001110110100000100100110011
00000000100010010001110000000011
00000001100010001000100010110011
00000000000110101000101010010011
00000001010110111000110001100011
00000000000000010001000001101111
00001000100000000000110100010011
00000001101010001001111101100011
00000101010000000000000010010011
00000000000000100001000001101111
00000100011000000000000010010011