00000000111100000000011010010011
00000000000100000000111100010011
00000000000100000000001100010011
00000000001100000000001000010011
00000000110100000000011111100011
00000000110100110000100111100011
00000000110100100100101111100011
00000000011011110000000110110011
00000000000000110000111100010011
00000000000000011000001100010011
00000000000100100000001000010011
00000000000000001001000001101111
00000000000000000000000110010011
00000000000000000000101000010011
00000000001110100001111101100011
00000000000100000000000110010011
00000000000100000000111010010011
00000000001111101001111101100011
00100110001000000000010010010011
00000000001101001001100111100011
00000101010000000000000010010011
00000000000000100001000001101111
00000100011000000000000010010011