00000001100100000000011100010011
00000001001000000000110110010011
00000011011000000000111000010011
00000000111011011110001111100011
00000000111011011111011101100011
00001000110111100000001000010011
00000101100111100111010110010011
00000000010001011000010110110011
00000000001001011101010110010011
00000011010000000000011000010011
00000000101101100001110001100011
00000011001011100110001000010011
00001011011111100100010110010011
00000000010001011000010110110011
01000000010001011101010110010011
00000000101100000000011000010011
00000000101101100001110001100011
00000101010000000000000010010011
00000000000000011011000001101111
00000100011000000000000010010011