10000000000000000000001100010011
00001000011000000000110100010011
00000001101000110011000100110011
00000000011011010110001111100011
00000000011011010111011101100011
00000100101100110110100110010011
01000000011011010000010100110011
01000000001001010101010100010011
00000000000001010111010100110011
00000000000000000000011000010011
00000000101001100000101011100011
00001010011100110110100110010011
01000000011011010000010100110011
01000000000001010101010100010011
00000000000001010111010100110011
00000000000000000000011000010011
00000000101001100000101011100011
00000101010000000000000010010011
00000000000000011011000001101111
00000100011000000000000010010011