00000000000000001000101010110111
00000000000000000110011100110111
00000000000000000011001110110111
00000000000000000000101110110111
00000000000000000001101000110111
00000000000000001000010010110111
00000000000000000101011110110111
00000000000000000100111000110111
00000000101001011100101010100011
00000010011001000000011100100011
00000011100101000100001110100011
00000010010101001000101110100011
00000011001001001100101000100011
00000010001001010000010010100011
00000010110001010100011110100011
00000011111101011000111000100011
00000011100011100010010110000011
00000011010001111010100000000011
00000011000001001010010000000011
00000010110010100010110000000011
00000010100010111010110110000011
00000010010000111010110100000011
00000010000001110010101100000011
00000001110010101010000110000011
00000010001101010001001111100011
00000011011000110001001111100011
00000011101011001001001111100011
00000011101100101001001111100011
00000011100010010001001111100011
00000010100000010001001111100011
00000011000001100001001111100011
00000010101111111001001111100011
00000101010000000000000010010011
00000000000000101010000001101111
00000100011000000000000010010011