10000000000000000000110110010011
00001010101000000000110010010011
00000001100111011011111100110011
00000001101111001110001111100011
00000001101111001111011101100011
00000111000011011110100010010011
01000001101111001000111110110011
01000000010011111101111110010011
00000000000011111111111110110011
00000000000000000000010000010011
00000001111101000000101011100011
00000110111111011110100010010011
01000001101111001000111110110011
01000000001011111101111110010011
00000000000011111111111110110011
00000000000000000000010000010011
00000001111101000000101011100011
00000101010000000000000010010011
00000000000000011011000001101111
00000100011000000000000010010011