00000000010000000000101110010011
00000000000000000000111010110011
00000000000000000000001110110011
00000100000000000000101000010011
00000000001000000000111110010011
00000001010000000000011110010011
00000100100000000000000010010011
00000011110000000000001000010011
00000000100000000000001010010011
00000000111100011100101000100011
00000010000100000000101000100011
00000010010000000100101000100011
00000010010100001000101000100011
00000001111100111001110110110011
00000001010011011000010010110011
00000001110001001100000110000011
00000000001111101000111010110011
00000000000100111000001110010011
00000000011110111000110011100011
00000000000000010010000001101111
00001010000000000000010000010011
00000000100011101001111111100011
00000101010000000000000010010011
00000000000000100010000001101111
00000100011000000000000010010011