00000000010000000000111110010011
00000000000000000000010100110011
00000000000000000000001010110011
00000100010000000000110100010011
00000000100000000000011000010011
00000011010000000000011100010011
00000010010000000000100000010011
00000100100000000000110000010011
00000010110000011000110100100011
00000010111000011100110100100011
00000101000000000000110100100011
00000101100000000100110100100011
00000000001000101001100010010011
00000001101010001000001100110011
00000011100000110000011010000011
00000000110101010000010100110011
00000000000100101000001010010011
00000000010111111000110001100011
00000000000000010001000001101111
00001010100000000000110010010011
00000001100101010001111101100011
00000101010000000000000010010011
00000000000000100001000001101111
00000100011000000000000010010011