00001000010100000000111110010011
00001011110100000000100100010011
00001011110111111011101000010011
00000001111110010110001111100011
00000001111110010111011101100011
00001010101011111110110100010011
01000001111110010000001000110011
01000000010000100101001000010011
00000000000000100111001000110011
00000000000000000000100110010011
00000000010010011000101011100011
00000100110011111110110100010011
01000001111110010000001000110011
01000000000000100101001000010011
00000000000000100111001000110011
00000000000000000000100110010011
00000000010010011000101011100011
00000101010000000000000010010011
00000000000000011011000001101111
00000100011000000000000010010011