00000000010000000000011010010011
00000000000000000000100110110011
00000000000000000000001010110011
00000011000000000000100000010011
00000010000000000000001100010011
00000100110000000000000110010011
00000001010000000000110000010011
00000100000000000000010110010011
00000100011001000100100000100011
00000100001101001000100000100011
00000101100001001100100000100011
00000100101101010000100000100011
00000000001000101001000100010011
00000001000000010000111110110011
00000100010011111010100100000011
00000001001010011000100110110011
00000000000100101000001010010011
00000000010101101000110001100011
00000000000000010001000001101111
00001100000000000000010000010011
00000000100010011001111101100011
00000101010000000000000010010011
00000000000000100001000001101111
00000100011000000000000010010011