00000000010000000000001000010011
00000000000000000000011110110011
00000000000000000000111000110011
00000010100000000000010010010011
00000000001000000000001110010011
00000001100000000000110100010011
00000011010000000000111010010011
00000100110000000000111110010011
00000000100000000000000010010011
00000011101000110000010010100011
00000011110100110100010010100011
00000011111100111000010010100011
00000010000100111100010010100011
00000000011111100001111100110011
00000000100111110000101110110011
00000011100110110000101110000011
00000001100101111000011110110011
00000000000111100000111000010011
00000001110000100000110011100011
00000000000000010010000001101111
00001010000000000000101100010011
00000001011001111001111111100011
00000101010000000000000010010011
00000000000000100010000001101111
00000100011000000000000010010011