00001011001100000000001100010011
10000000000000000000100100010011
00101100011100110010011100010011
00000000011010010110001111100011
00000000011010010111011101100011
00000000010100110110111010010011
01000000011010010000000010110011
01000000001100001101000010010011
00000000000000001111000010110011
00000000000000000000111100010011
00000000000111110000101011100011
00000101111000110110111010010011
01000000011010010000000010110011
01000000010000001101000010010011
00000000000000001111000010110011
00000000000000000000111100010011
00000000000111110000101011100011
00000101010000000000000010010011
00000000000000011011000001101111
00000100011000000000000010010011