00000110001000000000010110010011
11111111111100000000001110010011
00001001111000000000001000010011
00000100110000000000001010010011
00000000001000000000010010010011
00000000101100111100010011100011
00000000101100111101100001100011
01000000010100100000101000110011
00000000010100100111011110110011
00000001010001111000011110110011
00000000100101111101011110110011
00000001011100000000101100010011
00000000111110110001110101100011
00000000010100100110101000110011
00000000010100100100011110110011
00000001010001111000011110110011
01000000100101111101011110110011
00000110110000000000101100010011
00000000111110110001110101100011
00000101010000000000000010010011
00000000000000011101000001101111
00000100011000000000000010010011