00001010111000000000001110010011
00001000000000000000100010010011
00001011011000000000111100010011
00000000011110001110001111100011
00000000011110001111011101100011
00000001000011110000110100010011
00001001101111110111110000010011
00000001101011000000110000110011
00000000000111000101110000010011
00001010110000000000101000010011
00000001100010100001110001100011
00001100001111110110110100010011
00000010001111110100110000010011
00000001101011000000110000110011
01000000010011000101110000010011
00000001100000000000101000010011
00000001100010100001110001100011
00000101010000000000000010010011
00000000000000011011000001101111
00000100011000000000000010010011