00000011000000000000110000010011
10000000000000000000010000010011
00100010000011000010001010010011
00000001100001000110001111100011
00000001100001000111011101100011
00000011010111000110110010010011
01000001100001000000011010110011
01000000000101101101011010010011
00000000000001101111011010110011
00000000000000000000011000010011
00000000110101100000101011100011
00000010101111000110110010010011
01000001100001000000011010110011
01000000001101101101011010010011
00000000000001101111011010110011
00000000000000000000011000010011
00000000110101100000101011100011
00000101010000000000000010010011
00000000000000011011000001101111
00000100011000000000000010010011