00000000100100000000111010010011
10000000000000000000010000010011
00001001001111101010101000010011
00000001110101000110001111100011
00000001110101000111011101100011
00000001101111101110110010010011
01000001110101000000111110110011
01000000001111111101111110010011
00000000000011111111111110110011
00000000000000000000001000010011
00000001111100100000101011100011
00001000010011101110110010010011
01000001110101000000111110110011
01000000001111111101111110010011
00000000000011111111111110110011
00000000000000000000001000010011
00000001111100100000101011100011
00000101010000000000000010010011
00000000000000011011000001101111
00000100011000000000000010010011