00000000000000000110111010110111
00000000000000000000010000110111
00000000000000000100011110110111
00000000000000000001110110110111
00000000000000000001111110110111
00000000000000001000111100110111
00000000000000000101110000110111
00000000000000000111111000110111
00000101001101001000111010100011
00000100010101001100010000100011
00000100101101010000011110100011
00000100011001010100110110100011
00000101001001011000111110100011
00000100101001011100111100100011
00000111000101000000110000100011
00000110100101000100111000100011
00000110010011100010110100000011
00000110000011000010101000000011
00000101110011110010110010000011
00000101100011111010001110000011
00000101010011011010000110000011
00000101000001111010100000000011
00000100110001000010011100000011
00000100100011101010011000000011
00000010110010011001001111100011
00000010111000101001001111100011
00000011000001011001001111100011
00000010001100110001001111100011
00000010011110010001001111100011
00000011100101010001001111100011
00000011010010001001001111100011
00000011101001001001001111100011
00000101010000000000000010010011
00000000000000101010000001101111
00000100011000000000000010010011