00000000010000000000100100010011
00000000000000000000111010110011
00000000000000000000100000110011
00000001110000000000101100010011
00001010010000000000111110010011
00000011100000000000001100010011
00000011000000000000100010010011
00000001110000000000000100010011
00000111111101001000101100100011
00000110011001001100101100100011
00000111000101010000101100100011
00000110001001010100101100100011
00000000001010000001101000010011
00000001011010100000110000110011
00000110100011000010110100000011
00000001101011101000111010110011
00000000000110000000100000010011
00000001000010010000110001100011
00000000000000010001000001101111
00010010100000000000101010010011
00000001010111101001111101100011
00000101010000000000000010010011
00000000000000100001000001101111
00000100011000000000000010010011