00000010101000000000010010010011
00000010100100000000111010010011
00000001110101001011000010110011
00000000100111101110001111100011
00000000100111101111011101100011
00000101011101001110001010010011
01000000100111101000110000110011
01000000000011000101110000010011
00000000000011000111110000110011
00000000000000000000101010010011
00000001100010101000101011100011
00001010000101001110001010010011
01000000100111101000110000110011
01000000000011000101110000010011
00000000000011000111110000110011
00000000000000000000101010010011
00000001100010101000001111100011
00000101010000000000000010010011
00000000000000011011000001101111
00000100011000000000000010010011