00000000010000000000010000010011
00000000000000000000010110110011
00000000000000000000100000110011
00000100100000000000011110010011
00000000001000000000001010010011
00000001000000000000100100010011
00000010010000000000101010010011
00000011110000000000000110010011
00000000000000000000011000010011
00000011001000101000011110100011
00000011010100101100011110100011
00000010001100110000011110100011
00000010110000110100011110100011
00000000010110000001001000110011
00000000111100100000101110110011
00000011100010101000101110000011
00000001100001011000010110110011
00000000000110000000100000010011
00000001000001000000110011100011
00000000000000010010000001101111
00000111000000000000011100010011
00000000111001011001111111100011
00000101010000000000000010010011
00000000000000100010000001101111
00000100011000000000000010010011