00000000011000000000011110010011
10000000000000000000011010010011
00101101111101111010000010010011
00000000111101101110001111100011
00000000111101101111011101100011
00000110110001111110111010010011
01000000111101101000000110110011
01000000001100011101000110010011
00000000000000011111000110110011
00000000000000000000110000010011
00000000001111000000101011100011
00001011110001111110111010010011
01000000111101101000000110110011
01000000001000011101000110010011
00000000000000011111000110110011
00000000000000000000110000010011
00000000001111000000101011100011
00000101010000000000000010010011
00000000000000011011000001101111
00000100011000000000000010010011