00000000010000000000000110010011
00000000000000000000110100110011
00000000000000000000100110110011
00000011110000000000000100010011
00000111000000000000011000010011
00000000010000000000010110010011
00000100100000000000000010010011
00000010000000000000101010010011
00000000110001011000000100100011
00000000101101011100000100100011
00000010000101000000000100100011
00000011010101000100000100100011
00000000001010011001110110010011
00000000001011011000111000110011
00000001100011100010101110000011
00000001011111010000110100110011
00000000000110011000100110010011
00000001001100011000110001100011
00000000000000010001000001101111
00001101110000000000010000010011
00000000100011010001111101100011
00000101010000000000000010010011
00000000000000100001000001101111
00000100011000000000000010010011