00000000000000001000101010110111
00000000000000001001011000110111
00000000000000000001110110110111
00000000000000000100010100110111
00000100001001011100101010100011
00000111000101000000011000100011
00000110011001000100110110100011
00000111100101001000010100100011
00000110100001010010111110000011
00000110010011011010110100000011
00000110000001100010010110000011
00000101110010101010111100000011
00000001111000010001101111100011
00000000101110001001101111100011
00000001101000110001101111100011
00000001111111001001101111100011
00000101010000000000000010010011
00000000000000011010000001101111
00000100011000000000000010010011