00000100001100000000110110010011
11111110000000000000111110010011
00000100011100000000111000010011
00000110101000000000100100010011
00000000001000000000101100010011
00000001101111111100010011100011
00000001101111111101100001100011
01000001001011100000100010110011
00000001001011100111001000110011
00000001000100100000001000110011
00000001011000100101001000110011
00000000011100000000011010010011
00000000010001101001110101100011
00000001001011100110100010110011
00000001001011100100001000110011
00000001000100100000001000110011
01000001011000100101001000110011
00000010011100000000011010010011
00000000010001101001110101100011
00000101010000000000000010010011
00000000000000011101000001101111
00000100011000000000000010010011