00000000000000000011101000110111
00000000000000000101110010110111
00000000000000000111001110110111
00000000000000000111100010110111
00000010001100010100101000100011
00000010111000010100110010100011
00000011011000010100001110100011
00000011111000010100100010100011
00000011010010001000010000000011
00000011010000111000111110000011
00000011010011001000010110000011
00000011010010100000011110000011
00000000111100011001101111100011
00000000101101110001101111100011
00000001111110110001101111100011
00000000100011110001101111100011
00000101010000000000000010010011
00000000000000011010000001101111
00000100011000000000000010010011