00000000000000000010111010010111
00000000000000001000110100010111
00000000000000001001001000010111
00000000000000000011100010010111
00000000000000000101001010110111
00000000000000000000111100110111
00000000000000000000010010110111
00000000000000000001101110110111
00000111110001000000111010100011
00000111111101000100110100100011
00000110011001001000001000100011
00000111101101001100100010100011
00000110101001010000001010100011
00000110111101010100111100100011
00000110110001011000010010100011
00000111010101011100101110100011
00000111110010111010110010000011
00000111100001001010110000000011
00000111010011110010000110000011
00000111000000101010000100000011
00000110110010001010010000000011
00000110100000100010101100000011
00000110010011010010000010000011
00000110000011101010100110000011
00000011001111100001001111100011
00000010000111111001001111100011
00000011011000110001001111100011
00000010100011011001001111100011
00000010001001010001001111100011
00000010001101111001001111100011
00000011100001100001001111100011
00000011100110101001001111100011
00000101010000000000000010010011
00000000000000101010000001101111
00000100011000000000000010010011