00000000010000000000100100010011
00000000000000000000110010110011
00000000000000000000001100110011
00000011110000000000011110010011
00000000010000000000110000010011
00000000100000000000000100010011
00000100110000000000000110010011
00000100110000000000111110010011
00000001100001011100011110100011
00000010001001000000011110100011
00000010001101000100011110100011
00000011111101001000011110100011
00000000001000110001111010010011
00000000111111101000010110110011
00000001110001011010101100000011
00000001011011001000110010110011
00000000000100110000001100010011
00000000011010010000110001100011
00000000000000010001000001101111
00001010010000000000110100010011
00000001101011001001111101100011
00000101010000000000000010010011
00000000000000100001000001101111
00000100011000000000000010010011