00000001111100000000011000010011
00000110110000000000010110010011
00000011001000000000111010010011
00000000110001011110001111100011
00000000110001011111011101100011
00000111001111101000111000010011
00001010111111101111001110010011
00000001110000111000001110110011
00000000010000111101001110010011
00000000110000000000100110010011
00000000011110011001110001100011
00000110110011101110111000010011
00000011101111101100001110010011
00000001110000111000001110110011
01000000001000111101001110010011
00000010000100000000100110010011
00000000011110011001110001100011
00000101010000000000000010010011
00000000000000011011000001101111
00000100011000000000000010010011