00000000010000000000010010010011
00000000000000000000100110110011
00000000000000000000101110110011
00000011010000000000101100010011
00000000001000000000111000010011
00000000110000000000111110010011
00000100110000000000110010010011
00000100000000000000001100010011
00000010110000000000000110010011
00000011111100101100101100100011
00000011100100110000101100100011
00000010011000110100101100100011
00000010001100111000101100100011
00000001110010111001111100110011
00000001011011110000000010110011
00000011000110101100000010000011
00000001000110011000100110110011
00000000000110111000101110010011
00000001011101001000110011100011
00000000000000010010000001101111
00001100010000000000010100010011
00000000101010011001111111100011
00000101010000000000000010010011
00000000000000100010000001101111
00000100011000000000000010010011