00000000010100000000011010010011
00000000000100000000111100010011
00000000000100000000010000010011
00000000001100000000010010010011
00000000110100000000011111100011
00000000110101000000100111100011
00000000110101001100101111100011
00000000100011110000001100110011
00000000000001000000111100010011
00000000000000110000010000010011
00000000000101001000010010010011
00000000000000001001000001101111
00000000000000000000001100010011
00000000000000000000100000010011
00000000011010000001111101100011
00000000000100000000001100010011
00000000000100000000011000010011
00000000011001100001111101100011
00000000010100000000111110010011
00000000011011111001100111100011
00000101010000000000000010010011
00000000000000100001000001101111
00000100011000000000000010010011