00000100100100000000010010010011
00000100100000000000111000010011
00000001110001001011001010110011
00000000100111100110001111100011
00000000100111100111011101100011
00000001111001001110101010010011
01000000100111100000110000110011
01000000000011000101110000010011
00000000000011000111110000110011
00000000000000000000001110010011
00000001100000111000101011100011
00000001000101001110101010010011
01000000100111100000110000110011
01000000000111000101110000010011
00000000000011000111110000110011
00000000000000000000001110010011
00000001100000111000001111100011
00000101010000000000000010010011
00000000000000011011000001101111
00000100011000000000000010010011