00000101100000000000011110010011
10000000000000000000100010010011
00110101011101111010010010010011
00000000111110001110001111100011
00000000111110001111011101100011
00000111111101111110001010010011
01000000111110001000110010110011
01000000000011001101110010010011
00000000000011001111110010110011
00000000000000000000100100010011
00000001100110010000101011100011
00000001010001111110001010010011
01000000111110001000110010110011
01000000001111001101110010010011
00000000000011001111110010110011
00000000000000000000100100010011
00000001100110010000101011100011
00000101010000000000000010010011
00000000000000011011000001101111
00000100011000000000000010010011