00001100001100000000100000010011
00000110000000000000100100010011
00000111001100000000111100010011
00000011000000000000100010010011
00000000001100000000100110010011
00000001000010010100010011100011
00000001000010010101100001100011
01000001000111110000001110110011
00000001000111110111010010110011
00000000011101001000010010110011
00000001001101001101010010110011
00000000111000000000010100010011
00000000100101010001110101100011
00000001000111110110001110110011
00000001000111110100010010110011
00000000011101001000010010110011
01000001001101001101010010110011
00000001011000000000010100010011
00000000100101010001110101100011
00000101010000000000000010010011
00000000000000011101000001101111
00000100011000000000000010010011