00000000101000000000110010010011
10000000000000000000011100010011
00001010001111001010111110010011
00000001100101110110001111100011
00000001100101110111011101100011
00001010000011001110110100010011
01000001100101110000010100110011
01000000010001010101010100010011
00000000000001010111010100110011
00000000000000000000001010010011
00000000101000101000101011100011
00000100010111001110110100010011
01000001100101110000010100110011
01000000010001010101010100010011
00000000000001010111010100110011
00000000000000000000001010010011
00000000101000101000101011100011
00000101010000000000000010010011
00000000000000011011000001101111
00000100011000000000000010010011