00000110000000000000000010010011
00011000101000000000000100010011
00000001100100000000000110010011
00101010110100000000001000010011
00010110100100000000001010010011
00011110001100000000001100010011
00000000011100000000001110010011
00000101111000000000010000010011
00000100111000000000010010010011
00000000000100001000000010110011
00000000001000010100000100110011
01000000001100011000000110110011
00000000010000100101001000110011
00000000010100101111001010110011
01000000011000110101001100110011
00000000011100111001001110110011
00000000100001000110010000110011
00000000100101001000010010110011
00001100000000000000111110010011
00000000000000000000111100010011
00000000000000000000111010010011
00000000000000000000111000010011
00010110100100000000110110010011
00000011110000000000110100010011
00111000000000000000110010010011
00000101111000000000110000010011
00001001110000000000101110010011
00000010000111111001010111100011
00000010001011110001010111100011
00000010001111101001010111100011
00000010010011100001010111100011
00000010010111011001010111100011
00000010011011010001010111100011
00000010011111001001010111100011
00000010100011000001010111100011
00000010100110111001010111100011
00000101010000000000000010010011
00000000000000101110000001101111
00000100011000000000000010010011