00000000000000000001100100110111
00000000000000000111010110110111
00000000000000000010010010110111
00000000000000000101011100110111
00000110011101001000100100100011
00000111110001001100010110100011
00000111110101010000010010100011
00000111101101010100011100100011
00000111010001110010100010000011
00000111000001001010010100000011
00000110110001011010001000000011
00000110100010010010011110000011
00000000111100111001101111100011
00000000010011100001101111100011
00000000101011101001101111100011
00000001000111011001101111100011
00000101010000000000000010010011
00000000000000011010000001101111
00000100011000000000000010010011