00000000010000000000100100010011
00000000000000000000100000110011
00000000000000000000110110110011
00000010010000000000011000010011
00000000000000000000010100010011
00000100100000000000110000010011
00000010000000000000001110010011
00000011100000000000101110010011
00000000101000010100011000100011
00000001100000011000011000100011
00000000011100011100011000100011
00000011011100000000011000100011
00000000001011011001001000010011
00000000110000100000011110110011
00000001010001111000110010000011
00000001100110000000100000110011
00000000000111011000110110010011
00000001101110010000110001100011
00000000000000010001000001101111
00001010000000000000111010010011
00000001110110000001111101100011
00000101010000000000000010010011
00000000000000100001000001101111
00000100011000000000000010010011