00000000010000000000011110010011
00000000000000000000100000110011
00000000000000000000110110110011
00000010010000000000101100010011
00000000001000000000010100010011
00000001110000000000011010010011
00000001010000000000001000010011
00000001110000000000110000010011
00000011000000000000111110010011
00000010110100000000101100100011
00000010010000000100101100100011
00000011100000001000101100100011
00000011111100001100101100100011
00000000101011011001101110110011
00000001011010111000001110110011
00000010000000111100000100000011
00000000001010000000100000110011
00000000000111011000110110010011
00000001101101111000110011100011
00000000000000010010000001101111
00000111110000000000010110010011
00000000101110000001111111100011
00000101010000000000000010010011
00000000000000100010000001101111
00000100011000000000000010010011