00000000010000000000010010010011
00000000000000000000110010010011
00000000000000000000101010010011
00000001100000000000001010010011
00000001010000000000011000010011
00000100100000000000001110010011
00000010110000000000010100010011
00000001110000000000111000010011
00000010110000100100001010100011
00000010011100101000001010100011
00000010101000101100001010100011
00000011110000110000001010100011
00000000001010101001110000010011
00000000010111000000111110110011
00000010010011111001001100000011
00000000011011001000110010110011
00000000000110101000101010010011
00000001010101001000110001100011
00000000000000010001000001101111
00001010010000000000001000010011
00000000010011001001111101100011
00000101010000000000000010010011
00000000000000100001000001101111
00000100011000000000000010010011