00000000010000000000100110010011
00000000000000000000010010110011
00000000000000000000010110110011
00000010100000000000000100010011
00000000001000000000101100010011
00000100100000000000111100010011
00000100010000000000011000010011
00000000010000000000111010010011
00000011010000000000111000010011
00000001111000101000000100100011
00000000110000101100000100100011
00000001110100110000000100100011
00000001110000110100000100100011
00000001011001011001110000110011
00000000001011000000000110110011
00000001011110101000000110000011
00000001011101001000010010110011
00000000000101011000010110010011
00000000101110011000110011100011
00000000000000010010000001101111
00001100010000000000001100010011
00000000011001001001111111100011
00000101010000000000000010010011
00000000000000100010000001101111
00000100011000000000000010010011