00000000000000001000101010110111
00000000000000000010001110110111
00000000000000000000010010110111
00000000000000000010111010110111
00000000110001010000101010100011
00000001000101010100001110100011
00000001100101011000010010100011
00000001010001011100111010100011
00000001110011101010111000000011
00000001100001001010100110000011
00000001010000111010010110000011
00000001000010101010001000000011
00000000010001100001101111100011
00000000101110001001101111100011
00000001001111001001101111100011
00000001110010100001101111100011
00000101010000000000000010010011
00000000000000011010000001101111
00000100011000000000000010010011