00000100010100000000111010010011
11111110001000000000001100010011
00000001010000000000111110010011
00000101010100000000011110010011
00000000010000000000001010010011
00000001110100110100010011100011
00000001110100110101100001100011
01000000111111111000011010110011
00000000111111111111101100110011
00000000110110110000101100110011
00000000010110110101101100110011
11111111110100000000100100010011
00000001011010010001110101100011
00000000111111111110011010110011
00000000111111111100101100110011
00000000110110110000101100110011
01000000010110110101101100110011
00000000100100000000100100010011
00000001011010010001110101100011
00000101010000000000000010010011
00000000000000011101000001101111
00000100011000000000000010010011