00000010101000000000010010010011
11111100011100000000110110010011
00000011111100000000101010010011
00000111001000000000011100010011
00000000000100000000010100010011
00000000100111011100010011100011
00000000100111011101100001100011
01000000111010101000011110110011
00000000111010101111110100110011
00000000111111010000110100110011
00000000101011010101110100110011
11111111111100000000001100010011
00000001101000110001110101100011
00000000111010101110011110110011
00000000111010101100110100110011
00000000111111010000110100110011
01000000101011010101110100110011
00000110011000000000001100010011
00000001101000110001110101100011
00000101010000000000000010010011
00000000000000011101000001101111
00000100011000000000000010010011