00000000000000000100111110110111
00000000000000000111001010110111
00000000000000000001110110110111
00000000000000000011111010110111
00000011001100011000111110100011
00000010010000011000001010100011
00000011100000011000110110100011
00000011001000011000111010100011
00000011100011101000101000000011
00000011100011011000001110000011
00000011100000101000111000000011
00000011100011111000000100000011
00000000001010011001101111100011
00000001110000100001101111100011
00000000011111000001101111100011
00000001010010010001101111100011
00000101010000000000000010010011
00000000000000011010000001101111
00000100011000000000000010010011