00000000000000001000110100010111
00000000000000000011000110010111
00000000000000000100100100010111
00000000000000001000001000010111
00000000000000000100101000110111
00000000000000000111011010110111
00000000000000000011111110110111
00000000000000000010101110110111
00000011000101000100110100100011
00000011011001001000000110100011
00000010101001001100100100100011
00000010111101010000001000100011
00000010010101010100101000100011
00000010100001011000011010100011
00000011000001011100111110100011
00000101111001000000101110100011
00000100000010111010100110000011
00000011110011111010011100000011
00000011100001101010101010000011
00000011010010100010010110000011
00000011000000100010001100000011
00000010110010010010110110000011
00000010100000011010110010000011
00000010010011010010000100000011
00000010001010001001001111100011
00000011100110110001001111100011
00000011101101010001001111100011
00000010011001111001001111100011
00000010101100101001001111100011
00000011010101000001001111100011
00000010111010000001001111100011
00000011001111110001001111100011
00000101010000000000000010010011
00000000000000101010000001101111
00000100011000000000000010010011