00000100010100000000111100010011
11111110001000000000011000010011
00001000101100000000001010010011
00001011111100000000111110010011
00000000000100000000001000010011
00000001111001100100010011100011
00000001111001100101100001100011
01000001111100101000001100110011
00000001111100101111101000110011
00000000011010100000101000110011
00000000010010100101101000110011
00000010101100000000001110010011
00000001010000111001110101100011
00000001111100101110001100110011
00000001111100101100101000110011
00000000011010100000101000110011
01000000010010100101101000110011
00000111100100000000001110010011
00000001010000111001110101100011
00000101010000000000000010010011
00000000000000011101000001101111
00000100011000000000000010010011