00000000000000000100111100110111
00000000000000000011001010110111
00000000000000000100110010110111
00000000000000001000100000110111
00000000000000000000010000110111
00000000000000000000000100110111
00000000000000000100111000110111
00000000000000000000010110110111
00000000101001000000111100100011
00000001001001000100001010100011
00000001100001001000110010100011
00000000011001001100100000100011
00000001000101010000010000100011
00000000110001010100000100100011
00000000111001011000111000100011
00000001010101011100010110100011
00000001110001011010011110000011
00000001100011100010011010000011
00000001010000010010101000000011
00000001000001000010110100000011
00000000110010000010001110000011
00000000100011001010111010000011
00000000010000101010100110000011
00000000000011110010001000000011
00000010010001010001001111100011
00000011001110010001001111100011
00000011110111000001001111100011
00000010011100110001001111100011
00000011101010001001001111100011
00000011010001100001001111100011
00000010110101110001001111100011
00000010111110101001001111100011
00000101010000000000000010010011
00000000000000101010000001101111
00000100011000000000000010010011