00001000100100000000100000010011
00001010011000000000101000010011
00001010011010000011100010010011
00000001000010100110001111100011
00000001000010100111011101100011
00000111110010000110011110010011
01000001000010100000000010110011
01000000010000001101000010010011
00000000000000001111000010110011
00000000000000000000111110010011
00000000000111111000101011100011
00001010111110000110011110010011
01000001000010100000000010110011
01000000000100001101000010010011
00000000000000001111000010110011
00000000000000000000111110010011
00000000000111111000101011100011
00000101010000000000000010010011
00000000000000011011000001101111
00000100011000000000000010010011