00000000010100000000101000010011
00000000000100000000100100010011
00000000000100000000110100010011
00000000001100000000101010010011
00000001010000000000011111100011
00000001010011010000100111100011
00000001010010101100101111100011
00000001101010010000110110110011
00000000000011010000100100010011
00000000000011011000110100010011
00000000000110101000101010010011
00000000000000001001000001101111
00000000000000000000110110010011
00000000000000000000100110010011
00000001101110011001111101100011
00000000000100000000110110010011
00000000000100000000001000010011
00000001101100100001111101100011
00000000010100000000010100010011
00000001101101010001100111100011
00000101010000000000000010010011
00000000000000100001000001101111
00000100011000000000000010010011