00000010011100000000011000010011
00000110001100000000100100010011
00001000000100000000010110010011
00000000110010010110001111100011
00000000110010010111011101100011
00000100000001011000111110010011
00000101000101011111000100010011
00000001111100010000000100110011
00000000000000010101000100010011
00001100001000000000011110010011
00000000001001111001110001100011
00000000101101011110111110010011
00001010111001011100000100010011
00000001111100010000000100110011
01000000000000010101000100010011
00001011101000000000011110010011
00000000001001111001110001100011
00000101010000000000000010010011
00000000000000011011000001101111
00000100011000000000000010010011