00000000100000000000101110010011
00001101010100000000110000010011
00001001101000000000110010010011
00001010011100000000110100010011
00000111001000000000110110010011
00011110010100000000111000010011
00000000001000000000111010010011
00001110110100000000111100010011
00010001011000000000111110010011
00000001011110111000101110110011
00000001100011000100110000110011
01000001100111001000110010110011
00000001101011010101110100110011
00000001101111011111110110110011
01000001110011100101111000110011
00000001110111101001111010110011
00000001111011110110111100110011
00000001111111111000111110110011
00000001000000000000000100010011
00000000000000000000000110010011
00000000000000000000001000010011
00000000000100000000001010010011
00000111001000000000001100010011
00000000111100000000001110010011
00000000100000000000010000010011
00001110110100000000010010010011
00100010110000000000010100010011
00000011011100010001010111100011
00000011100000011001010111100011
00000011100100100001010111100011
00000011101000101001010111100011
00000011101100110001010111100011
00000011110000111001010111100011
00000011110101000001010111100011
00000011111001001001010111100011
00000011111101010001010111100011
00000101010000000000000010010011
00000000000000101110000001101111
00000100011000000000000010010011