00000000010000000000000010010011
00000000000000000000001110110011
00000000000000000000110110110011
00000000100000000000000100010011
00000001000000000000111010010011
00000011100000000000101100010011
00000011110000000000011000010011
00000000000000000000101110010011
00000011110100000100000100100011
00000011011000001000000100100011
00000010110000001100000100100011
00000011011100010000000100100011
00000000001011011001110000010011
00000000001011000000010100110011
00000010010001010000100000000011
00000001000000111000001110110011
00000000000111011000110110010011
00000001101100001000110001100011
00000000000000010001000001101111
00001000010000000000110010010011
00000001100100111001111101100011
00000101010000000000000010010011
00000000000000100001000001101111
00000100011000000000000010010011