00001010100100000000101100010011
00000100110000000000011000010011
00000000110010110010110000110011
00000001011001100110001111100011
00000001011001100111011101100011
00000111110010110110010000010011
01000001011001100000001110110011
01000000000000111101001110010011
00000000000000111111001110110011
00000000000000000000111010010011
00000000011111101000101011100011
00000100111110110110010000010011
01000001011001100000001110110011
01000000010000111101001110010011
00000000000000111111001110110011
00000000000000000000111010010011
00000000011111101000101011100011
00000101010000000000000010010011
00000000000000011011000001101111
00000100011000000000000010010011