00000000100000000000111110010011
10000000000000000000011000010011
00000000001011111010110100010011
00000001111101100110001111100011
00000001111101100111011101100011
00000011011011111110011100010011
01000001111101100000000100110011
01000000000000010101000100010011
00000000000000010111000100110011
00000000000000000000110110010011
00000000001011011000101011100011
00001011101111111110011100010011
01000001111101100000000100110011
01000000010000010101000100010011
00000000000000010111000100110011
00000000000000000000110110010011
00000000001011011000101011100011
00000101010000000000000010010011
00000000000000011011000001101111
00000100011000000000000010010011