00000000010000000000000100010011
00000000000100000000010000010011
00000000000100000000011100010011
00000000001100000000001010010011
00000000001000000000011111100011
00000000001001110000100111100011
00000000001000101100101111100011
00000000111001000000100110110011
00000000000001110000010000010011
00000000000010011000011100010011
00000000000100101000001010010011
00000000000000001001000001101111
00000000000000000000100110010011
00000000000000000000010100010011
00000001001101010001111101100011
00000000000100000000100110010011
00000000000100000000100010010011
00000001001110001001111101100011
00000000001100000000001100010011
00000001001100110001100111100011
00000101010000000000000010010011
00000000000000100001000001101111
00000100011000000000000010010011