00000000010000000000101110010011
00000000000000000000110010110011
00000000000000000000101100110011
00000010110000000000100110010011
00000000001000000000001000010011
00000001010000000000011110010011
00000011100000000000110110010011
00000000100000000000111100010011
00000100000000000000100100010011
00000010111100010000100110100011
00000011101100010100100110100011
00000011111000011000100110100011
00000011001000011100100110100011
00000000010010110001000110110011
00000001001100011000100000110011
00000011000010000100111110000011
00000001111111001000110010110011
00000000000110110000101100010011
00000001011010111000110011100011
00000000000000010010000001101111
00001001010000000000110000010011
00000001100011001001111111100011
00000101010000000000000010010011
00000000000000100010000001101111
00000100011000000000000010010011