00000000000000001001110010110111
00000000000000001000111000110111
00000000000000000010011000110111
00000000000000000001010110110111
00000000111101011100110010100011
00000010010101000000111000100011
00000011111101000100011000100011
00000010011101001000010110100011
00000010100001011010100010000011
00000010010001100010111100000011
00000010000011100010000110000011
00000001110011001010110000000011
00000001100001111001101111100011
00000000001100101001101111100011
00000001111011111001101111100011
00000001000100111001101111100011
00000101010000000000000010010011
00000000000000011010000001101111
00000100011000000000000010010011