00000001001000000000001000010011
10000000000000000000101110010011
00111010111100100010110110010011
00000000010010111110001111100011
00000000010010111111011101100011
00000000011000100110010100010011
01000000010010111000011100110011
01000000000101110101011100010011
00000000000001110111011100110011
00000000000000000000010010010011
00000000111001001000101011100011
00000110101100100110010100010011
01000000010010111000011100110011
01000000010001110101011100010011
00000000000001110111011100110011
00000000000000000000010010010011
00000000111001001000101011100011
00000101010000000000000010010011
00000000000000011011000001101111
00000100011000000000000010010011