00000000000000000100010100010111
00000000000000000001001100010111
00000000000000000010110000010111
00000000000000000000010000010111
00000000000000000110011110110111
00000000000000000010011010110111
00000000000000000010101000110111
00000000000000000010100110110111
00000000000101000100010100100011
00000000001101001000001100100011
00000000100101001100110000100011
00000000001001010000010000100011
00000000101101010100011110100011
00000001110001011000011010100011
00000001111101011100101000100011
00000011010101000000100110100011
00000010000010011010110010000011
00000001110010100010110100000011
00000001100001101010111010000011
00000001010001111010110110000011
00000001000001000010011100000011
00000000110011000010001010000011
00000000100000110010001110000011
00000000010001010010011000000011
00000010110000001001001111100011
00000010011100011001001111100011
00000010010101001001001111100011
00000010111000010001001111100011
00000011101101011001001111100011
00000011110111100001001111100011
00000011101011111001001111100011
00000011100110101001001111100011
00000101010000000000000010010011
00000000000000101010000001101111
00000100011000000000000010010011