00001000101000000000111000010011
10000000000000000000001010010011
00000000000111100010000010010011
00000001110000101110001111100011
00000001110000101111011101100011
00000100000011100110010000010011
01000001110000101000000100110011
01000000000000010101000100010011
00000000000000010111000100110011
00000000000000000000110110010011
00000000001011011000101011100011
00001010001011100110010000010011
01000001110000101000000100110011
01000000010000010101000100010011
00000000000000010111000100110011
00000000000000000000110110010011
00000000001011011000101011100011
00000101010000000000000010010011
00000000000000011011000001101111
00000100011000000000000010010011