00000000010000000000111000010011
00000000000000000000001110110011
00000000000000000000111110110011
00000100000000000000000100010011
00000000110000000000101110010011
00000100110000000000111010010011
00000000010000000000110110010011
00000000000000000000100100010011
00000001011100010100000100100011
00000001110100011000000100100011
00000001101100011100000100100011
00000011001000000000000100100011
00000000001011111001100010010011
00000000001010001000111100110011
00000001010011110000101100000011
00000001011000111000001110110011
00000000000111111000111110010011
00000001111111100000110001100011
00000000000000010001000001101111
00000101110000000000101010010011
00000001010100111001111101100011
00000101010000000000000010010011
00000000000000100001000001101111
00000100011000000000000010010011