00000000101000000000000110010011
00000000000100000000011000010011
00000000000100000000110110010011
00000000001100000000011110010011
00000000001100000000011111100011
00000000001111011000100111100011
00000000001101111100101111100011
00000001101101100000111100110011
00000000000011011000011000010011
00000000000011110000110110010011
00000000000101111000011110010011
00000000000000001001000001101111
00000000000000000000111100010011
00000000000000000000001010010011
00000001111000101001111101100011
00000000000100000000111100010011
00000000000100000000001110010011
00000001111000111001111101100011
00000011011100000000101110010011
00000001111010111001100111100011
00000101010000000000000010010011
00000000000000100001000001101111
00000100011000000000000010010011