00000001100000000000010010010011
11111011010100000000011110010011
00000011011000000000011000010011
00000110010100000000101000010011
00000000001100000000111110010011
00000000100101111100010011100011
00000000100101111101100001100011
01000001010001100000010000110011
00000001010001100111001110110011
00000000100000111010001110110011
00000001111100111101001110110011
11111111111000000000111000010011
00000000011111100001110101100011
00000001010001100110010000110011
00000001010001100100001110110011
00000000100000111011001110110011
01000001111100111101001110110011
00000001100100000000111000010011
00000000011111100001110101100011
00000101010000000000000010010011
00000000000000011101000001101111
00000100011000000000000010010011