00000000010000000000100010010011
00000000000000000000010100110011
00000000000000000000111110110011
00000001000000000000110110010011
00000000001000000000111100010011
00000011000000000000000010010011
00000000100000000000101100010011
00000010110000000000101000010011
00000100100000000000101110010011
00000010000100110000110110100011
00000011011000110100110110100011
00000011010000111000110110100011
00000011011100111100110110100011
00000001111011111001111010110011
00000001101111101000011110110011
00000011100010110000011110000011
00000001100001010000010100110011
00000000000111111000111110010011
00000001111110001000110011100011
00000000000000010010000001101111
00001010110000000000001000010011
00000000010001010001111111100011
00000101010000000000000010010011
00000000000000100010000001101111
00000100011000000000000010010011