00000001101100000000100010010011
11111011100000000000110010010011
00000010010100000000011110010011
00000000111000000000010000010011
00000000001100000000011000010011
00000001000111001100010011100011
00000001000111001101100001100011
01000000100001111000001110110011
00000000100001111111110100110011
00000000011111010010110100110011
00000000110011010101110100110011
00000000001100000000111110010011
00000001101011111001110101100011
00000000100001111110001110110011
00000000100001111100110100110011
00000000011111010011110100110011
01000000110011010101110100110011
00000000000000000000111110010011
00000001101011111001110101100011
00000101010000000000000010010011
00000000000000011101000001101111
00000100011000000000000010010011