00001011001100000000110010010011
00000101000000000000000010010011
00000010000000000000010010010011
00001001111000000000111000010011
00000000010000000000101100010011
00000001100100001100010011100011
00000001100100001101100001100011
01000001110001001000101000110011
00000001110001001111100010110011
00001010110110001010100010010011
00000001011010001101100010110011
11111111100000000000110110010011
00000001000111011001110101100011
00000001110001001110101000110011
00000001110001001100100010110011
00000100001110001011100010010011
01000001011010001101100010110011
00000001011100000000110110010011
00000001000111011001110101100011
00000101010000000000000010010011
00000000000000011101000001101111
00000100011000000000000010010011