00001010110100000000110110010011
00000010101000000000011100010011
00000010101011011011010100010011
00000001101101110110001111100011
00000001101101110111011101100011
00000100000011011110000100010011
01000001101101110000111010110011
01000000000011101101111010010011
00000000000011101111111010110011
00000000000000000000110000010011
00000001110111000000101011100011
00001001000111011110000100010011
01000001101101110000111010110011
01000000000111101101111010010011
00000000000011101111111010110011
00000000000000000000110000010011
00000001110111000000101011100011
00000101010000000000000010010011
00000000000000011011000001101111
00000100011000000000000010010011