00000110100100000000101110010011
00000010100000000000100010010011
00000010100010111011110110010011
00000001011110001110001111100011
00000001011110001111011101100011
00001001101110111110000010010011
01000001011110001000011010110011
01000000001101101101011010010011
00000000000001101111011010110011
00000000000000000000110000010011
00000000110111000000101011100011
00000011100110111110000010010011
01000001011110001000011010110011
01000000001101101101011010010011
00000000000001101111011010110011
00000000000000000000110000010011
00000000110111000000101011100011
00000101010000000000000010010011
00000000000000011011000001101111
00000100011000000000000010010011