00000111010100000000011000010011
00000001001000000000001000010011
00001100001100000000110110010011
00000001011000000000100000010011
00000000001100000000001100010011
00000000110000100100010011100011
00000000110000100101100001100011
01000001000011011000111000110011
00000001000011011111100100110011
00000111100110010010100100010011
00000000011010010101100100110011
00000001010100000000011100010011
00000001001001110001110101100011
00000001000011011110111000110011
00000001000011011100100100110011
00000000111110010011100100010011
01000000011010010101100100110011
00000011010100000000011100010011
00000001001001110001110101100011
00000101010000000000000010010011
00000000000000011101000001101111
00000100011000000000000010010011