00001000000000000000001100010011
10000000000000000000000100010011
00011001001100110010001010010011
00000000011000010110001111100011
00000000011000010111011101100011
00000010111100110110100110010011
01000000011000010000000110110011
01000000000100011101000110010011
00000000000000011111000110110011
00000000000000000000100010010011
00000000001110001000101011100011
00001000110000110110100110010011
01000000011000010000000110110011
01000000001100011101000110010011
00000000000000011111000110110011
00000000000000000000100010010011
00000000001110001000101011100011
00000101010000000000000010010011
00000000000000011011000001101111
00000100011000000000000010010011