00000111011000000000111110010011
00000100110000000000011010010011
00000100110011111011100100010011
00000001111101101110001111100011
00000001111101101111011101100011
00000011110011111110101100010011
01000001111101101000001110110011
01000000001000111101001110010011
00000000000000111111001110110011
00000000000000000000110010010011
00000000011111001000101011100011
00000011111011111110101100010011
01000001111101101000001110110011
01000000010000111101001110010011
00000000000000111111001110110011
00000000000000000000110010010011
00000000011111001000101011100011
00000101010000000000000010010011
00000000000000011011000001101111
00000100011000000000000010010011