00000000010000000000010000010011
00000000000000000000000100110011
00000000000000000000100100110011
00000001110000000000101010010011
00000001100000000000110110010011
00000100110000000000111110010011
00000000110000000000101110010011
00000001110000000000001000010011
00000001101100000000101010100011
00000001111100000100101010100011
00000001011100001000101010100011
00000000010000001100101010100011
00000000001010010001110010010011
00000001010111001000000110110011
00000000000000011000111010000011
00000001110100010000000100110011
00000000000110010000100100010011
00000001001001000000110001100011
00000000000000010001000001101111
00001000110000000000011010010011
00000000110100010001111101100011
00000101010000000000000010010011
00000000000000100001000001101111
00000100011000000000000010010011