00000000000000000010101000110111
00000000000000000110110010110111
00000000000000000101010010110111
00000000000000000000011100110111
00000110110101000000101000100011
00000110010101000100110010100011
00000111111101001000010010100011
00000111101001001100011100100011
00000110110001110010100010000011
00000110100001001010000110000011
00000110010011001010001000000011
00000110000010100010000100000011
00000000001001101001101111100011
00000000010000101001101111100011
00000000001111111001101111100011
00000001000111010001101111100011
00000101010000000000000010010011
00000000000000011010000001101111
00000100011000000000000010010011