00000000000000001000010100110111
00000000000000000000111100110111
00000000000000000101001010110111
00000000000000001001010110110111
00000000000000000001001000110111
00000000000000000101011100110111
00000000000000001001100100110111
00000000000000000110101100110111
00000011110001011100010100100011
00000100001101000000111100100011
00000101010101000100001010100011
00000101010001001000010110100011
00000101110101001100001000100011
00000100100101010000011100100011
00000101100001010100100100100011
00000100110101011000101100100011
00000101100010110010100000000011
00000101010010010010001110000011
00000101000001110010101110000011
00000100110000100010010000000011
00000100100001011010000100000011
00000100010000101010100010000011
00000100000011110010111110000011
00000011110001010010011110000011
00000010111111100001001111100011
00000011111100011001001111100011
00000011000110101001001111100011
00000010001010100001001111100011
00000010100011101001001111100011
00000011011101001001001111100011
00000010011111000001001111100011
00000011000001101001001111100011
00000101010000000000000010010011
00000000000000101010000001101111
00000100011000000000000010010011