00001000110000000000100110010011
00001001111100000000010000010011
00001001111110011011100100010011
00000001001101000110001111100011
00000001001101000111011101100011
00000010110110011110011000010011
01000001001101000000101110110011
01000000001110111101101110010011
00000000000010111111101110110011
00000000000000000000011010010011
00000001011101101000101011100011
00001011100010011110011000010011
01000001001101000000101110110011
01000000010010111101101110010011
00000000000010111111101110110011
00000000000000000000011010010011
00000001011101101000101011100011
00000101010000000000000010010011
00000000000000011011000001101111
00000100011000000000000010010011