00000000000000000000001100010111
00000000000000000011100100010111
00000000000000000000110010010111
00000000000000001000111110010111
00000000000000001001110110110111
00000000000000001001010100110111
00000000000000001001000100110111
00000000000000000110001000110111
00000101111001000100001100100011
00000101010001001000100100100011
00000101000101001100110010100011
00000100000101010000111110100011
00000100110101010100110110100011
00000101110101011000010100100011
00000101100001011100000100100011
00000111011101000000001000100011
00000110000000100010001110000011
00000101110000010010011000000011
00000101100001010010000110000011
00000101010011011010101010000011
00000101000011111010010010000011
00000100110011001010110100000011
00000100100010010010010110000011
00000100010000110010111000000011
00000011110011110001001111100011
00000010101110100001001111100011
00000011101010001001001111100011
00000010100100001001001111100011
00000011010101101001001111100011
00000010001111101001001111100011
00000010110011000001001111100011
00000010011110111001001111100011
00000101010000000000000010010011
00000000000000101010000001101111
00000100011000000000000010010011