00000010100100000000010100010011
11111100011000000000000010010011
00001011001100000000000110010011
00000110011000000000001000010011
00000000000100000000100000010011
00000000101000001100010011100011
00000000101000001101100001100011
01000000010000011000111000110011
00000000010000011111110010110011
00000001110011001000110010110011
00000001000011001101110010110011
00000011011100000000110100010011
00000001100111010001110101100011
00000000010000011110111000110011
00000000010000011100110010110011
00000001110011001000110010110011
01000001000011001101110010110011
00001110011000000000110100010011
00000001100111010001110101100011
00000101010000000000000010010011
00000000000000011101000001101111
00000100011000000000000010010011