00000000000000000010110110010111
00000000000000000100010000010111
00000000000000000011001000010111
00000000000000000110100100010111
00000000000000000110110100110111
00000000000000000001111000110111
00000000000000001001111010110111
00000000000000000000011110110111
00000000001001001100110110100011
00000000101001010000010000100011
00000001000101010100001000100011
00000001011001011000100100100011
00000000010101011100110100100011
00000010111001000000111000100011
00000010000101000100111010100011
00000011111001001000011110100011
00000010100001111010101010000011
00000010010011101010001100000011
00000010000011100010000110000011
00000001110011010010011010000011
00000001100010010010100110000011
00000001010000100010010010000011
00000001000001000010111110000011
00000000110011011010101000000011
00000011010000010001001111100011
00000011111101010001001111100011
00000010100110001001001111100011
00000011001110110001001111100011
00000010110100101001001111100011
00000010001101110001001111100011
00000010011000001001001111100011
00000011010111110001001111100011
00000101010000000000000010010011
00000000000000101010000001101111
00000100011000000000000010010011