00000000111000000000010000010011
00000000000100000000101100010011
00000000000100000000001010010011
00000000001100000000010010010011
00000000100000000000011111100011
00000000100000101000100111100011
00000000100001001100101111100011
00000000010110110000110000110011
00000000000000101000101100010011
00000000000011000000001010010011
00000000000101001000010010010011
00000000000000001001000001101111
00000000000000000000110000010011
00000000000000000000011010010011
00000001100001101001111101100011
00000000000100000000110000010011
00000000000100000000111000010011
00000001100011100001111101100011
00010111100100000000111010010011
00000001100011101001100111100011
00000101010000000000000010010011
00000000000000100001000001101111
00000100011000000000000010010011