00000011001100000000110110010011
11111101000000000000001010010011
00000111110100000000100100010011
00000100011000000000101000010011
00000000000000000000010010010011
00000001101100101100010011100011
00000001101100101101100001100011
01000001010010010000011110110011
00000001010010010111110010110011
00001001011011001010110010010011
00000000100111001101110010110011
00000111101100000000100110010011
00000001100110011001110101100011
00000001010010010110011110110011
00000001010010010100110010110011
00000010110111001011110010010011
01000000100111001101110010110011
00001011101000000000100110010011
00000001100110011001110101100011
00000101010000000000000010010011
00000000000000011101000001101111
00000100011000000000000010010011