00000000000000000111011010010111
00000000000000000101010110010111
00000000000000000000000100010111
00000000000000000010100110010111
00000000000000001001001010110111
00000000000000001000101100110111
00000000000000000110110110110111
00000000000000000100111010110111
00000001000001000000011010100011
00000001000101000100010110100011
00000000111001001000000100100011
00000000101001001100100110100011
00000000000101010000001010100011
00000000100001010100101100100011
00000000011001011000110110100011
00000001011101011100111010100011
00000001110011101010111000000011
00000001100011011010100100000011
00000001010010110010011000000011
00000001000000101010101010000011
00000000110010011010101000000011
00000000100000010010110010000011
00000000010001011010111100000011
00000000000001101010010010000011
00000010100110000001001111100011
00000011111010001001001111100011
00000011100101110001001111100011
00000011010001010001001111100011
00000011010100001001001111100011
00000010110001000001001111100011
00000011001000110001001111100011
00000011110010111001001111100011
00000101010000000000000010010011
00000000000000101010000001101111
00000100011000000000000010010011