00000000010000000000001110010011
00000000000000000000101110110011
00000000000000000000000110110011
00000000110000000000010100010011
00000000001000000000110000010011
00000010010000000000111010010011
00000100000000000000110110010011
00000000100000000000110010010011
00000011110000000000101100010011
00000011110100010000010100100011
00000011101100010100010100100011
00000011100100011000010100100011
00000011011000011100010100100011
00000001100000011001100000110011
00000000101010000000010000110011
00000011000001000100011010000011
00000000110110111000101110110011
00000000000100011000000110010011
00000000001100111000110011100011
00000000000000010010000001101111
00001010100000000000000010010011
00000000000110111001111111100011
00000101010000000000000010010011
00000000000000100010000001101111
00000100011000000000000010010011