00000000010000000000000010010011
00000000000000000000110000110011
00000000000000000000110010110011
00000010100000000000111000010011
00000100100000000000010100010011
00000000010000000000100110010011
00000001110000000000000110010011
00000100000000000000100100010011
00000110101001010100111000100011
00000111001101011000111000100011
00000110001101011100111000100011
00001001001001000000111000100011
00000000001011001001100000010011
00000001110010000000110110110011
00000111010011011010001100000011
00000000011011000000110000110011
00000000000111001000110010010011
00000001100100001000110001100011
00000000000000010001000001101111
00001010100000000000111100010011
00000001111011000001111101100011
00000101010000000000000010010011
00000000000000100001000001101111
00000100011000000000000010010011