00000000001100000000001000010011
11111010000000000000011100010011
00000101100000000000110000010011
00001011111000000000100000010011
00000000001100000000010010010011
00000000010001110100010011100011
00000000010001110101100001100011
01000001000011000000101010110011
00000001000011000111000100110011
00000001010100010010000100110011
00000000100100010101000100110011
11111111011000000000000010010011
00000000001000001001110101100011
00000001000011000110101010110011
00000001000011000100000100110011
00000001010100010011000100110011
01000000100100010101000100110011
00000011110000000000000010010011
00000000001000001001110101100011
00000101010000000000000010010011
00000000000000011101000001101111
00000100011000000000000010010011