00000100000000000000110010010011
11111101110100000000010010010011
00000110111000000000010110010011
00000000010100000000000110010011
00000000001100000000011110010011
00000001100101001100010011100011
00000001100101001101100001100011
01000000001101011000000010110011
00000000001101011111001000110011
00001001111000100010001000010011
00000000111100100101001000110011
00000000110100000000111000010011
00000000010011100001110101100011
00000000001101011110000010110011
00000000001101011100001000110011
00000001001100100011001000010011
01000000111100100101001000110011
00000001101100000000111000010011
00000000010011100001110101100011
00000101010000000000000010010011
00000000000000011101000001101111
00000100011000000000000010010011