00001001111000000000111110010011
00001001001100000000001010010011
00001010100100000000101100010011
00000001111100101110001111100011
00000001111100101111011101100011
00000101110110110000100100010011
00000001110110110111110010010011
00000001001011001000110010110011
00000000001111001101110010010011
00000010000100000000000010010011
00000001100100001001110001100011
00001001101010110110100100010011
00000100000110110100110010010011
00000001001011001000110010110011
01000000001011001101110010010011
00000110100000000000000010010011
00000001100100001001110001100011
00000101010000000000000010010011
00000000000000011011000001101111
00000100011000000000000010010011