00000010001100000000010010010011
10000000000000000000101010010011
00001010110001001010000100010011
00000000100110101110001111100011
00000000100110101111011101100011
00000000100001001110000010010011
01000000100110101000101100110011
01000000001010110101101100010011
00000000000010110111101100110011
00000000000000000000100010010011
00000001011010001000101011100011
00000000100001001110000010010011
01000000100110101000101100110011
01000000010010110101101100010011
00000000000010110111101100110011
00000000000000000000100010010011
00000001011010001000101011100011
00000101010000000000000010010011
00000000000000011011000001101111
00000100011000000000000010010011