00000000000000000101101100010111
00000000000000000011011010010111
00000000000000001001010110010111
00000000000000000101001010010111
00000000000000000100010000110111
00000000000000000010100100110111
00000000000000001001100000110111
00000000000000000111000110110111
00000000011001001000101100100011
00000001101001001100011010100011
00000001100101010000010110100011
00000001110101010100001010100011
00000000001001011000010000100011
00000001010001011100100100100011
00000011000101000000100000100011
00000010010001000100000110100011
00000010010000011010011000000011
00000010000010000010111110000011
00000001110010010010101010000011
00000001100001000010011100000011
00000001010000101010000010000011
00000001000001011010111000000011
00000000110001101010001110000011
00000000100010110010110110000011
00000011101100110001001111100011
00000010011111010001001111100011
00000011110011001001001111100011
00000010000111101001001111100011
00000010111000010001001111100011
00000011010110100001001111100011
00000011111110001001001111100011
00000010110000100001001111100011
00000101010000000000000010010011
00000000000000101010000001101111
00000100011000000000000010010011