00001011010000000000101100010011
10000000000000000000010100010011
00111011011110110010111100010011
00000001011001010110001111100011
00000001011001010111011101100011
00000001110110110110001010010011
01000001011001010000100110110011
01000000000110011101100110010011
00000000000010011111100110110011
00000000000000000000010000010011
00000001001101000000101011100011
00000101110010110110001010010011
01000001011001010000100110110011
01000000001110011101100110010011
00000000000010011111100110110011
00000000000000000000010000010011
00000001001101000000101011100011
00000101010000000000000010010011
00000000000000011011000001101111
00000100011000000000000010010011