00000000010000000000111110010011
00000000000000000000100100110011
00000000000000000000010000110011
00000011110000000000110110010011
00000000001000000000111010010011
00000000100000000000101000010011
00000011010000000000010010010011
00000100100000000000100000010011
00000011100000000000111100010011
00000101010000100100110110100011
00000100100100101000110110100011
00000101000000101100110110100011
00000101111000110000110110100011
00000001110101000001010110110011
00000001101101011000011010110011
00000100101010100100011010000011
00000000101010010000100100110011
00000000000101000000010000010011
00000000100011111000110011100011
00000000000000010010000001101111
00001011110000000000100010010011
00000001000110010001111111100011
00000101010000000000000010010011
00000000000000100010000001101111
00000100011000000000000010010011