00000000000000000001010110110111
00000000000000000111001010110111
00000000000000001000100000110111
00000000000000001000010000110111
00000101000100011100010110100011
00000100111100011100001010100011
00000100011100011100100000100011
00000101001100011100010000100011
00000101110001000000110000000011
00000101110010000000100100000011
00000101110000101000000110000011
00000101110001011000101010000011
00000001010110001001101111100011
00000000001101111001101111100011
00000001001000111001101111100011
00000001100010011001101111100011
00000101010000000000000010010011
00000000000000011010000001101111
00000100011000000000000010010011