00000000010000000000111010010011
00000000000000000000001010110011
00000000000000000000001110110011
00000010010000000000101000010011
00000100000000000000111110010011
00000000010000000000110000010011
00000000010000000000101100010011
00000001100000000000110100010011
00000001111100000000101000100011
00000001100000000100101000100011
00000001011000001000101000100011
00000001101000001100101000100011
00000000001000111001011100010011
00000001010001110000110110110011
00000000000011011000110010000011
00000001100100101000001010110011
00000000000100111000001110010011
00000000011111101000110001100011
00000000000000010001000001101111
00000110000000000000000110010011
00000000001100101001111101100011
00000101010000000000000010010011
00000000000000100001000001101111
00000100011000000000000010010011