00000101100100000000100100010011
11111111011000000000000010010011
00000001100000000000101000010011
00001011001100000000100010010011
00000000010000000000001100010011
00000001001000001100010011100011
00000001001000001101100001100011
01000001000110100000011100110011
00000001000110100111111110110011
00000101111111111010111110010011
00000000011011111101111110110011
11111111011100000000001110010011
00000001111100111001110101100011
00000001000110100110011100110011
00000001000110100100111110110011
00000000001111111011111110010011
01000000011011111101111110110011
00000001011000000000001110010011
00000001111100111001110101100011
00000101010000000000000010010011
00000000000000011101000001101111
00000100011000000000000010010011