00000000010000000000001100010011
00000000000000000000111010110011
00000000000000000000110110110011
00000000000000000000011010010011
00000010100000000000110100010011
00000001110000000000101110010011
00000011010000000000010100010011
00000100100000000000011100010011
00000001101000001000011010100011
00000001011100001100011010100011
00000000101000010000011010100011
00000000111000010100011010100011
00000000001011011001110010010011
00000000110111001000001010110011
00000000100000101000101000000011
00000001010011101000111010110011
00000000000111011000110110010011
00000001101100110000110001100011
00000000000000010001000001101111
00001100000000000000000110010011
00000000001111101001111101100011
00000101010000000000000010010011
00000000000000100001000001101111
00000100011000000000000010010011