00001010010000000000010010010011
00000100000100000000010000010011
00000001011100000000101010010011
00000110011000000000101110010011
00000000010000000000001110010011
00000000100101000100010011100011
00000000100101000101100001100011
01000001011110101000111000110011
00000001011110101111001010110011
00000010100100101010001010010011
00000000011100101101001010110011
11111111101100000000000010010011
00000000010100001001110101100011
00000001011110101110111000110011
00000001011110101100001010110011
00001010110100101011001010010011
01000000011100101101001010110011
00000000111000000000000010010011
00000000010100001001110101100011
00000101010000000000000010010011
00000000000000011101000001101111
00000100011000000000000010010011