00000111101100000000100100010011
00000001100000000000000110010011
00001100011000000000110000010011
00000100110000000000010000010011
00000000010000000000110100010011
00000001001000011100010011100011
00000001001000011101100001100011
01000000100011000000010010110011
00000000100011000111011010110011
00001010100101101010011010010011
00000001101001101101011010110011
00000000101100000000011100010011
00000000110101110001110101100011
00000000100011000110010010110011
00000000100011000100011010110011
00000101100101101011011010010011
01000001101001101101011010110011
00000001010100000000011100010011
00000000110101110001110101100011
00000101010000000000000010010011
00000000000000011101000001101111
00000100011000000000000010010011