00000000010000000000011110010011
00000000000000000000111010010011
00000000000000000000010100010011
00000011100000000000000100010011
00000000010000000000110110010011
00000000000000000000110000010011
00000001100000000000111110010011
00000000010000000000001100010011
00000001101100111100000100100011
00000011100000100000000100100011
00000011111100100100000100100011
00000010011000101000000100100011
00000000001001010001001110010011
00000000001000111000010010110011
00000001110001001001011010000011
00000000110111101000111010110011
00000000000101010000010100010011
00000000101001111000110001100011
00000000000000010001000001101111
00000010000000000000100000010011
00000001000011101001111101100011
00000101010000000000000010010011
00000000000000100001000001101111
00000100011000000000000010010011