10000000000000000000001100010011
00001001100100000000100010010011
00000001000100110011000110110011
00000000011010001110001111100011
00000000011010001111011101100011
00001000100000110110110110010011
01000000011010001000001000110011
01000000001100100101001000010011
00000000000000100111001000110011
00000000000000000000011110010011
00000000010001111000101011100011
00001000000100110110110110010011
01000000011010001000001000110011
01000000010000100101001000010011
00000000000000100111001000110011
00000000000000000000011110010011
00000000010001111000101011100011
00000101010000000000000010010011
00000000000000011011000001101111
00000100011000000000000010010011