00000000000000000110100010110111
00000000000000000001110000110111
00000000000000000110110100110111
00000000000000000010101010110111
00000000000000000000111000110111
00000000000000000101111110110111
00000000000000000100001110110111
00000000000000001001110010110111
00000000110001000000100010100011
00000001111001000100110000100011
00000000100101001000110100100011
00000001001101001100101010100011
00000000100001010000111000100011
00000001011101010100111110100011
00000000001101011000001110100011
00000001101101011100110010100011
00000001110011001010011100000011
00000001100000111010100100000011
00000001010011111010111010000011
00000001000011100010010100000011
00000000110010101010011010000011
00000000100011010010010110000011
00000000010011000010001010000011
00000000000010001010100000000011
00000011000001100001001111100011
00000010010111110001001111100011
00000010101101001001001111100011
00000010110110011001001111100011
00000010101001000001001111100011
00000011110110111001001111100011
00000011001000011001001111100011
00000010111011011001001111100011
00000101010000000000000010010011
00000000000000101010000001101111
00000100011000000000000010010011