00000010000000000000111100010011
00001011011100000000110100010011
00000001101011110010010100110011
00000001111011010110001111100011
00000001111011010111011101100011
00000011010011110110011100010011
01000001111011010000111110110011
01000000001011111101111110010011
00000000000011111111111110110011
00000000000000000000111000010011
00000001111111100000101011100011
00000000111011110110011100010011
01000001111011010000111110110011
01000000000111111101111110010011
00000000000011111111111110110011
00000000000000000000111000010011
00000001111111100000101011100011
00000101010000000000000010010011
00000000000000011011000001101111
00000100011000000000000010010011