00000000101000000000101010010011
00000000000100000000001010010011
00000000000100000000010110010011
00000000001100000000100000010011
00000001010100000000011111100011
00000001010101011000100111100011
00000001010110000100101111100011
00000000101100101000111000110011
00000000000001011000001010010011
00000000000011100000010110010011
00000000000110000000100000010011
00000000000000001001000001101111
00000000000000000000111000010011
00000000000000000000111010010011
00000001110011101001111101100011
00000000000100000000111000010011
00000000000100000000110010010011
00000001110011001001111101100011
00000011011100000000000100010011
00000001110000010001100111100011
00000101010000000000000010010011
00000000000000100001000001101111
00000100011000000000000010010011