10000000000000000000001110010011
00000000110100000000111010010011
00000001110100111011011100110011
00000000011111101110001111100011
00000000011111101111011101100011
00001010110000111110010110010011
01000000011111101000110110110011
01000000001111011101110110010011
00000000000011011111110110110011
00000000000000000000001100010011
00000001101100110000101011100011
00000011001000111110010110010011
01000000011111101000110110110011
01000000000111011101110110010011
00000000000011011111110110110011
00000000000000000000001100010011
00000001101100110000101011100011
00000101010000000000000010010011
00000000000000011011000001101111
00000100011000000000000010010011