00000000010000000000101010010011
00000000000000000000111100110011
00000000000000000000110010110011
00000001110000000000010000010011
00000000001000000000000010010011
00000010100000000000010010010011
00000100110000000000001100010011
00000010110000000000000110010011
00000011100000000000011010010011
00000000100100100100010000100011
00000000011000101000010000100011
00000000001100101100010000100011
00000000110100110000010000100011
00000000000111001001110100110011
00000000100011010000101000110011
00000001111110100100101000000011
00000001111111110000111100110011
00000000000111001000110010010011
00000001100110101000110011100011
00000000000000010010000001101111
00001101100000000000000100010011
00000000001011110001111111100011
00000101010000000000000010010011
00000000000000100010000001101111
00000100011000000000000010010011