00000000010000000000000010010011
00000001100000000000010000010011
00000000100000001010100000110011
00000000000101000110001111100011
00000000000101000111011101100011
00000110101000001110101010010011
01000000000101000000111100110011
01000000001111110101111100010011
00000000000011110111111100110011
00000000000000000000110100010011
00000001111011010000101011100011
00000101000000001110101010010011
01000000000101000000111100110011
01000000010011110101111100010011
00000000000011110111111100110011
00000000000000000000110100010011
00000001111011010000101011100011
00000101010000000000000010010011
00000000000000011011000001101111
00000100011000000000000010010011