00001000110100000000100000010011
00000010101000000000011010010011
00000011110100000000100110010011
00000110100100000000000100010011
00000000001100000000010110010011
00000001000001101100010011100011
00000001000001101101100001100011
01000000001010011000101010110011
00000000001010011111000010110011
00000001010100001000000010110011
00000000101100001101000010110011
11111111111100000000001000010011
00000000000100100001110101100011
00000000001010011110101010110011
00000000001010011100000010110011
00000001010100001000000010110011
01000000101100001101000010110011
00000001101000000000001000010011
00000000000100100001110101100011
00000101010000000000000010010011
00000000000000011101000001101111
00000100011000000000000010010011