00000110011000000000101000010011
00001000001100000000110000010011
00001000001110100011010110010011
00000001010011000110001111100011
00000001010011000111011101100011
00000111110010100110010000010011
01000001010011000000000010110011
01000000010000001101000010010011
00000000000000001111000010110011
00000000000000000000001110010011
00000000000100111000101011100011
00000010111010100110010000010011
01000001010011000000000010110011
01000000000100001101000010010011
00000000000000001111000010110011
00000000000000000000001110010011
00000000000100111000101011100011
00000101010000000000000010010011
00000000000000011011000001101111
00000100011000000000000010010011