00000000010000000000011010010011
00000000000000000000001000110011
00000000000000000000000110110011
00000010110000000000010110010011
00000001100000000000100100010011
00000011110000000000110100010011
00000000010000000000000010010011
00000001100000000000111000010011
00000011001000010000010110100011
00000011101000010100010110100011
00000010000100011000010110100011
00000011110000011100010110100011
00000000001000011001011100010011
00000000101101110000010100110011
00000011000001010000011000000011
00000000110000100000001000110011
00000000000100011000000110010011
00000000001101101000110001100011
00000000000000010001000001101111
00000111000000000000111010010011
00000001110100100001111101100011
00000101010000000000000010010011
00000000000000100001000001101111
00000100011000000000000010010011