00000011001100000000100110010011
00001010111000000000111100010011
00000000000000000000110110010011
00000001001111110110001111100011
00000001001111110111011101100011
00001000010111011000011010010011
00000100000011011111011000010011
00000000110101100000011000110011
00000000001001100101011000010011
00000010000100000000000010010011
00000000110000001001110001100011
00000010001011011110011010010011
00001001010111011100011000010011
00000000110101100000011000110011
01000000000001100101011000010011
00001011011100000000000010010011
00000000110000001001110001100011
00000101010000000000000010010011
00000000000000011011000001101111
00000100011000000000000010010011