00000101100100000000001110010011
11111111011000000000011000010011
00000110101000000000100000010011
00000111001000000000101000010011
00000000001100000000010010010011
00000000011101100100010011100011
00000000011101100101100001100011
01000001010010000000111100110011
00000001010010000111011010110011
00000001111001101010011010110011
00000000100101101101011010110011
00000000101100000000001010010011
00000000110100101001110101100011
00000001010010000110111100110011
00000001010010000100011010110011
00000001111001101011011010110011
01000000100101101101011010110011
00000001001000000000001010010011
00000000110100101001110101100011
00000101010000000000000010010011
00000000000000011101000001101111
00000100011000000000000010010011