00000100111100000000010100010011
00001011111100000000010110010011
00011000010100000000011000010011
00000100100000000000011010010011
00010010111100000000011100010011
00000001101000000000011110010011
00000000011100000000100000010011
00001101001100000000100010010011
00011101111000000000100100010011
00000000101001010000010100110011
00000000101101011100010110110011
01000000110001100000011000110011
00000000110101101101011010110011
00000000111001110111011100110011
01000000111101111101011110110011
00000001000010000001100000110011
00000001000110001110100010110011
00000001001010010000100100110011
00001001111000000000111110010011
00000000000000000000111100010011
00000000000000000000111010010011
00000000000000000000111000010011
00010010111100000000110110010011
00000000000000000000110100010011
00111000000000000000110010010011
00001101001100000000110000010011
00111011110000000000101110010011
00000010101011111001010111100011
00000010101111110001010111100011
00000010110011101001010111100011
00000010110111100001010111100011
00000010111011011001010111100011
00000010111111010001010111100011
00000011000011001001010111100011
00000011000111000001010111100011
00000011001010111001010111100011
00000101010000000000000010010011
00000000000000101110000001101111
00000100011000000000000010010011