00000000010000000000110110010011
00000000000100000000100010010011
00000000000100000000111010010011
00000000001100000000000110010011
00000001101100000000011111100011
00000001101111101000100111100011
00000001101100011100101111100011
00000001110110001000010110110011
00000000000011101000100010010011
00000000000001011000111010010011
00000000000100011000000110010011
00000000000000001001000001101111
00000000000000000000010110010011
00000000000000000000111100010011
00000000101111110001111101100011
00000000000100000000010110010011
00000000000100000000111110010011
00000000101111111001111101100011
00000000001100000000011000010011
00000000101101100001100111100011
00000101010000000000000010010011
00000000000000100001000001101111
00000100011000000000000010010011