00000000000000000001001000110111
00000000000000000000011110110111
00000000000000000010010010110111
00000000000000000011010100110111
00000000000000000110110110110111
00000000000000000111110010110111
00000000000000001000011000110111
00000000000000000110111100110111
00000100010101000000001000100011
00000100110101000100011110100011
00000100111001001000010010100011
00000101110101001100010100100011
00000101101001010000110110100011
00000101010101010100110010100011
00000101010001011000011000100011
00000100100001011100111100100011
00000101110011110010010110000011
00000101100001100010100110000011
00000101010011001010100000000011
00000101000011011010101100000011
00000100110001010010000100000011
00000100100001001010110000000011
00000100010001111010001100000011
00000100000000100010101110000011
00000011011100101001001111100011
00000010011001101001001111100011
00000011100001110001001111100011
00000010001011101001001111100011
00000011011011010001001111100011
00000011000010101001001111100011
00000011001110100001001111100011
00000010101101000001001111100011
00000101010000000000000010010011
00000000000000101010000001101111
00000100011000000000000010010011