00000000010000000000010100010011
00000000000000000000011000110011
00000000000000000000100110110011
00000001010000000000110000010011
00000000100000000000011110010011
00000000100000000000001100010011
00000000000000000000001010010011
00000001010000000000110110010011
00000000111100000100110000100011
00000000011000001000110000100011
00000000010100001100110000100011
00000001101100010000110000100011
00000000001010011001101010010011
00000001100010101000101100110011
00000000010010110000000010000011
00000000000101100000011000110011
00000000000110011000100110010011
00000001001101010000110001100011
00000000000000010001000001101111
00000010010000000000111000010011
00000001110001100001111101100011
00000101010000000000000010010011
00000000000000100001000001101111
00000100011000000000000010010011