00000000001000000000010010010011
00000000000100000000101100010011
00000000000100000000010100010011
00000000001100000000000100010011
00000000100100000000011111100011
00000000100101010000100111100011
00000000100100010100101111100011
00000000101010110000111110110011
00000000000001010000101100010011
00000000000011111000010100010011
00000000000100010000000100010011
00000000000000001001000001101111
00000000000000000000111110010011
00000000000000000000101110010011
00000001111110111001111101100011
00000000000100000000111110010011
00000000000100000000100000010011
00000001111110000001111101100011
00000000000100000000011010010011
00000001111101101001100111100011
00000101010000000000000010010011
00000000000000100001000001101111
00000100011000000000000010010011