00000000000000000100011010010111
00000000000000000000111100010111
00000000000000000100000100010111
00000000000000000111010100010111
00000000000000000101010110110111
00000000000000000011001110110111
00000000000000000011100000110111
00000000000000000111110000110111
00000011001101001000011010100011
00000010001101001100111100100011
00000010010101010000000100100011
00000010011001010100010100100011
00000011100101011000010110100011
00000010111101011100001110100011
00000101110101000000100000100011
00000100000101000100110000100011
00000100010011000010101110000011
00000100000010000010011100000011
00000011110000111010100010000011
00000011100001011010011000000011
00000011010001010010110100000011
00000011000000010010101010000011
00000010110011110010100100000011
00000010100001101010010010000011
00000010100110011001001111100011
00000011001000011001001111100011
00000011010100101001001111100011
00000011101000110001001111100011
00000010110011001001001111100011
00000011000101111001001111100011
00000010111011101001001111100011
00000011011100001001001111100011
00000101010000000000000010010011
00000000000000101010000001101111
00000100011000000000000010010011