00000000000000000100100110110111
00000000000000000100011110110111
00000000000000000000000100110111
00000000000000000111101100110111
00000101110000001100100110100011
00000101000100001100011110100011
00000101010000001100000100100011
00000100010100001100101100100011
00000100110010110000110110000011
00000100110000010000110100000011
00000100110001111000001100000011
00000100110010011000100000000011
00000001000011100001101111100011
00000000011010001001101111100011
00000001101010100001101111100011
00000001101100101001101111100011
00000101010000000000000010010011
00000000000000011010000001101111
00000100011000000000000010010011