00001011101100000000110000010011
00001011101000000000010110010011
00000000101111000011000010110011
00000001100001011110001111100011
00000001100001011111011101100011
00001100011111000110001010010011
01000001100001011000001100110011
01000000000100110101001100010011
00000000000000110111001100110011
00000000000000000000011010010011
00000000011001101000101011100011
00000101101111000110001010010011
01000001100001011000001100110011
01000000010000110101001100010011
00000000000000110111001100110011
00000000000000000000011010010011
00000000011001101000001111100011
00000101010000000000000010010011
00000000000000011011000001101111
00000100011000000000000010010011