00000001000100000000110010010011
00000000000100000000011010010011
00000000000100000000010100010011
00000000001100000000111100010011
00000001100100000000011111100011
00000001100101010000100111100011
00000001100111110100101111100011
00000000101001101000111010110011
00000000000001010000011010010011
00000000000011101000010100010011
00000000000111110000111100010011
00000000000000001001000001101111
00000000000000000000111010010011
00000000000000000000010000010011
00000001110101000001111101100011
00000000000100000000111010010011
00000000000100000000110000010011
00000001110111000001111101100011
01100011110100000000101110010011
00000001110110111001100111100011
00000101010000000000000010010011
00000000000000100001000001101111
00000100011000000000000010010011