00000000010000000000110110010011
00000000000000000000100100010011
00000000000000000000001010010011
00000010000000000000111000010011
00000011100000000000000110010011
00000010110000000000101000010011
00000010010000000000111010010011
00000100100000000000010110010011
00000010001100101100111000100011
00000011010000110000111000100011
00000011110100110100111000100011
00000010101100111000111000100011
00000000001000101001011100010011
00000001110001110000100000110011
00000010110010000001010100000011
00000000101010010000100100110011
00000000000100101000001010010011
00000000010111011000110001100011
00000000000000010001000001101111
00001101000000000000110100010011
00000001101010010001111101100011
00000101010000000000000010010011
00000000000000100001000001101111
00000100011000000000000010010011