00000000000000000010011100010111
00000000000000000001101010010111
00000000000000000001111110010111
00000000000000000010101100010111
00000000000000001000011010110111
00000000000000000111000010110111
00000000000000001000000110110111
00000000000000000001001010110111
00000001001101000000011100100011
00000001011101000100101010100011
00000001110001001000111110100011
00000000011001001100101100100011
00000001001001010000011010100011
00000000100001010100000010100011
00000001111001011000000110100011
00000000011101011100001010100011
00000001110000101010001000000011
00000001100000011010010110000011
00000001010000001010110110000011
00000001000001101010010100000011
00000000110010110010011000000011
00000000100011111010110100000011
00000000010010101010110000000011
00000000000001110010100010000011
00000011000110011001001111100011
00000011100010111001001111100011
00000011101011100001001111100011
00000010110000110001001111100011
00000010101010010001001111100011
00000011101101000001001111100011
00000010101111110001001111100011
00000010010000111001001111100011
00000101010000000000000010010011
00000000000000101010000001101111
00000100011000000000000010010011