00000000100000000000011010010011
00000000000100000000011100010011
00000000000100000000100100010011
00000000001100000000111000010011
00000000110100000000011111100011
00000000110110010000100111100011
00000000110111100100101111100011
00000001001001110000010010110011
00000000000010010000011100010011
00000000000001001000100100010011
00000000000111100000111000010011
00000000000000001001000001101111
00000000000000000000010010010011
00000000000000000000101100010011
00000000100110110001111101100011
00000000000100000000010010010011
00000000000100000000110010010011
00000000100111001001111101100011
00000001010100000000010110010011
00000000100101011001100111100011
00000101010000000000000010010011
00000000000000100001000001101111
00000100011000000000000010010011