00000001100000000000110000010011
00000001100100000000100010010011
00000001100111000011010010010011
00000001100010001110001111100011
00000001100010001111011101100011
00001011101111000110101010010011
01000001100010001000100100110011
01000000000010010101100100010011
00000000000010010111100100110011
00000000000000000000100000010011
00000001001010000000101011100011
00000010010111000110101010010011
01000001100010001000100100110011
01000000010010010101100100010011
00000000000010010111100100110011
00000000000000000000100000010011
00000001001010000000101011100011
00000101010000000000000010010011
00000000000000011011000001101111
00000100011000000000000010010011