00000000000000000000100000110111
00000000000000000100001100110111
00000000000000001001010100110111
00000000000000000011001110110111
00000101011000000100100000100011
00000100001100000100001100100011
00000100010000000100010100100011
00000100111100000100001110100011
00000100010000111000101000000011
00000100010001010000101110000011
00000100010000110000100110000011
00000100010010000000010010000011
00000000100110110001101111100011
00000001001100011001101111100011
00000001011100100001101111100011
00000001010001111001101111100011
00000101010000000000000010010011
00000000000000011010000001101111
00000100011000000000000010010011