00000000010000000000110000010011
00000000000000000000101110110011
00000000000000000000100110110011
00000010100000000000100010010011
00000000001000000000000110010011
00000011110000000000111100010011
00000010110000000000010110010011
00000000110000000000001010010011
00000000110000000000011100010011
00000011111000001000100010100011
00000010101100001100100010100011
00000010010100010000100010100011
00000010111000010100100010100011
00000000001110011001101000110011
00000001000110100000001000110011
00000010100000100100001110000011
00000000011110111000101110110011
00000000000110011000100110010011
00000001001111000000110011100011
00000000000000010010000001101111
00001000000000000000110110010011
00000001101110111001111111100011
00000101010000000000000010010011
00000000000000100010000001101111
00000100011000000000000010010011