00000001000100000000110010010011
00000000000100000000111110010011
00000000000100000000111010010011
00000000001100000000110110010011
00000001100100000000011111100011
00000001100111101000100111100011
00000001100111011100101111100011
00000001110111111000101000110011
00000000000011101000111110010011
00000000000010100000111010010011
00000000000111011000110110010011
00000000000000001001000001101111
00000000000000000000101000010011
00000000000000000000001000010011
00000001010000100001111101100011
00000000000100000000101000010011
00000000000100000000110100010011
00000001010011010001111101100011
01100011110100000000001100010011
00000001010000110001100111100011
00000101010000000000000010010011
00000000000000100001000001101111
00000100011000000000000010010011