00000000000000000000110010110111
00000000000000001000001110110111
00000000000000000011111010110111
00000000000000000111101110110111
00000110110001001000110010100011
00000111101101001100001110100011
00000111000101010000111010100011
00000111100001010100101110100011
00000111010010111010010010000011
00000111000011101010001010000011
00000110110000111010010110000011
00000110100011001010101000000011
00000001010001100001101111100011
00000000101111011001101111100011
00000000010110001001101111100011
00000000100111000001101111100011
00000101010000000000000010010011
00000000000000011010000001101111
00000100011000000000000010010011