00000000000000001001110010110111
00000000000000000100001010110111
00000000000000000011111010110111
00000000000000000000011010110111
00000000000000000011111000110111
00000000000000000001100010110111
00000000000000000011101010110111
00000000000000000110100000110111
00000010110001001000110010100011
00000011001001001100001010100011
00000010001001010000111010100011
00000011011001010100011010100011
00000010111101011000111000100011
00000011101001011100100010100011
00000100100001000000101010100011
00000101010001000100100000100011
00000100010010000010011100000011
00000100000010101010111110000011
00000011110010001010111100000011
00000011100011100010010100000011
00000011010001101010110000000011
00000011000011101010100110000011
00000010110000101010010110000011
00000010100011001010000110000011
00000010001101100001001111100011
00000010101110010001001111100011
00000011001100010001001111100011
00000011100010110001001111100011
00000010101001111001001111100011
00000011111011010001001111100011
00000011111101000001001111100011
00000010111010100001001111100011
00000101010000000000000010010011
00000000000000101010000001101111
00000100011000000000000010010011