00000000111000000000000110010011
10000000000000000000010000010011
00001111100000011010011010010011
00000000001101000110001111100011
00000000001101000111011101100011
00001001000100011110100110010011
01000000001101000000110000110011
01000000000011000101110000010011
00000000000011000111110000110011
00000000000000000000101100010011
00000001100010110000101011100011
00000111100100011110100110010011
01000000001101000000110000110011
01000000000111000101110000010011
00000000000011000111110000110011
00000000000000000000101100010011
00000001100010110000101011100011
00000101010000000000000010010011
00000000000000011011000001101111
00000100011000000000000010010011