00000000010000000000001110010011
00000000000000000000000110110011
00000000000000000000101000110011
00000000000000000000111010010011
00000000001000000000111000010011
00000000110000000000000010010011
00000100010000000000100110010011
00000100100000000000011010010011
00000010010000000000111100010011
00000010000100111000111010100011
00000011001100111100111010100011
00000100110100100000111010100011
00000101111000100100111010100011
00000001110010100001101010110011
00000001110110101000010100110011
00000011000010111000010100000011
00000001000000011000000110110011
00000000000110100000101000010011
00000001010000111000110011100011
00000000000000010010000001101111
00001011110000000000001010010011
00000000010100011001111111100011
00000101010000000000000010010011
00000000000000100010000001101111
00000100011000000000000010010011