00000110001000000000011110010011
11111111111100000000110110010011
00001000100100000000000110010011
00001000110000000000011010010011
00000000001000000000111010010011
00000000111111011100010011100011
00000000111111011101100001100011
01000000110100011000111100110011
00000000110100011111111110110011
00000001111011111000111110110011
00000001110111111101111110110011
00000010000100000000110000010011
00000001111111000001110101100011
00000000110100011110111100110011
00000000110100011100111110110011
00000001111011111000111110110011
01000001110111111101111110110011
00000010010000000000110000010011
00000001111111000001110101100011
00000101010000000000000010010011
00000000000000011101000001101111
00000100011000000000000010010011