00001011100100000000010110010011
00000101011000000000010010010011
00001000101000000000001000010011
00000010100100000000110110010011
00000000001000000000011100010011
00000000101101001100010011100011
00000000101101001101100001100011
01000001101100100000011010110011
00000001101100100111011000110011
00000000110101100000011000110011
00000000111001100101011000110011
00000001101000000000110100010011
00000000110011010001110101100011
00000001101100100110011010110011
00000001101100100100011000110011
00000000110101100000011000110011
01000000111001100101011000110011
00000101001100000000110100010011
00000000110011010001110101100011
00000101010000000000000010010011
00000000000000011101000001101111
00000100011000000000000010010011