00000000010000000000010110010011
00000000000000000000011100010011
00000000000000000000101010010011
00000100110000000000011010010011
00000011100000000000101000010011
00000100110000000000000110010011
00000011110000000000011110010011
00000000100000000000111010010011
00000001010000101000011010100011
00000000001100101100011010100011
00000000111100110000011010100011
00000001110100110100011010100011
00000000001010101001111100010011
00000000110111110000001100110011
00000000100000110001101100000011
00000001011001110000011100110011
00000000000110101000101010010011
00000001010101011000110001100011
00000000000000010001000001101111
00001100100000000000110010010011
00000001100101110001111101100011
00000101010000000000000010010011
00000000000000100001000001101111
00000100011000000000000010010011