00000000010000000000100110010011
00000000000000000000011100010011
00000000000000000000011000010011
00000011110000000000110010010011
00000001000000000000111110010011
00000000110000000000100100010011
00000010110000000000111010010011
00000000010000000000111000010011
00000011111100101100110010100011
00000011001000110000110010100011
00000011110100110100110010100011
00000011110000111000110010100011
00000000001001100001010100010011
00000001100101010000001110110011
00000010110000111001010000000011
00000000100001110000011100110011
00000000000101100000011000010011
00000000110010011000110001100011
00000000000000010001000001101111
00000100110000000000101100010011
00000001011001110001111101100011
00000101010000000000000010010011
00000000000000100001000001101111
00000100011000000000000010010011