00000000011100000000100010010011
10000000000000000000110100010011
00000111001110001010111000010011
00000001000111010110001111100011
00000001000111010111011101100011
00000100010010001110000010010011
01000001000111010000001010110011
01000000001100101101001010010011
00000000000000101111001010110011
00000000000000000000011100010011
00000000010101110000101011100011
00001010101010001110000010010011
01000001000111010000001010110011
01000000000000101101001010010011
00000000000000101111001010110011
00000000000000000000011100010011
00000000010101110000101011100011
00000101010000000000000010010011
00000000000000011011000001101111
00000100011000000000000010010011