00000111000000000000100000010011
00000001101100000000111010010011
00001000100000000000000100010011
00000001000011101110001111100011
00000001000011101111011101100011
00001000001000010000001110010011
00001100001100010111010000010011
00000000011101000000010000110011
00000000010001000101010000010011
00000001100000000000110100010011
00000000100011010001110001100011
00000100011100010110001110010011
00000010100100010100010000010011
00000000011101000000010000110011
01000000010001000101010000010011
00000001011100000000110100010011
00000000100011010001110001100011
00000101010000000000000010010011
00000000000000011011000001101111
00000100011000000000000010010011