00000000010000000000001000010011
00000000000000000000100100010011
00000000000000000000110000010011
00000010000000000000011000010011
00000011110000000000110110010011
00000000110000000000011110010011
00000100010000000000000100010011
00000000000000000000111100010011
00000001101100110000011000100011
00000000111100110100011000100011
00000000001000111000011000100011
00000001111000111100011000100011
00000000001011000001101110010011
00000000110010111000101010110011
00000001000010101001010110000011
00000000101110010000100100110011
00000000000111000000110000010011
00000001100000100000110001100011
00000000000000010001000001101111
00001000110000000000010100010011
00000000101010010001111101100011
00000101010000000000000010010011
00000000000000100001000001101111
00000100011000000000000010010011