00000110100100000000101000010011
00000000011000000000011010010011
00001010011100000000000110010011
00000111000000000000010110010011
00000000000000000000110100010011
00000001010001101100010011100011
00000001010001101101100001100011
01000000101100011000001100110011
00000000101100011111101100110011
00000000011010110000101100110011
00000001101010110101101100110011
00000101011100000000010010010011
00000001011001001001110101100011
00000000101100011110001100110011
00000000101100011100101100110011
00000000011010110000101100110011
01000001101010110101101100110011
00011100111000000000010010010011
00000001011001001001110101100011
00000101010000000000000010010011
00000000000000011101000001101111
00000100011000000000000010010011