00000000010000000000101110010011
00000000000000000000110100110011
00000000000000000000111000110011
00000001000000000000001100010011
00000100110000000000010100010011
00000001010000000000011110010011
00000010000000000000100100010011
00000010000000000000001010010011
00000010101000001000001100100011
00000010111100001100001100100011
00000011001000010000001100100011
00000010010100010100001100100011
00000000001011100001011100010011
00000000011001110000011000110011
00000010100001100000101100000011
00000001011011010000110100110011
00000000000111100000111000010011
00000001110010111000110001100011
00000000000000010001000001101111
00001010000000000000101010010011
00000001010111010001111101100011
00000101010000000000000010010011
00000000000000100001000001101111
00000100011000000000000010010011