00000000010000000000110000010011
00000000000000000000111010110011
00000000000000000000111100110011
00000000010000000000010000010011
00000000001000000000101110010011
00000010100000000000010010010011
00000011010000000000110110010011
00000100000000000000100110010011
00000001110000000000110100010011
00000000100100011000010000100011
00000001101100011100010000100011
00000011001100000000010000100011
00000011101000000100010000100011
00000001011111110001100000110011
00000000100010000000001010110011
00000001100000101100111110000011
00000001111111101000111010110011
00000000000111110000111100010011
00000001111011000000110011100011
00000000000000010010000001101111
00001011100000000000000010010011
00000000000111101001111111100011
00000101010000000000000010010011
00000000000000100010000001101111
00000100011000000000000010010011