00000001111100000000101000010011
00000001111000000000010000010011
00000000100010100011010110110011
00000001010001000110001111100011
00000001010001000111011101100011
00000001000110100110110110010011
01000001010001000000110010110011
01000000001111001101110010010011
00000000000011001111110010110011
00000000000000000000001010010011
00000001100100101000101011100011
00000001110010100110110110010011
01000001010001000000110010110011
01000000000111001101110010010011
00000000000011001111110010110011
00000000000000000000001010010011
00000001100100101000001111100011
00000101010000000000000010010011
00000000000000011011000001101111
00000100011000000000000010010011