00000000101000000000111010010011
00000000100100000000011010010011
00000000110111101011001000110011
00000001110101101110001111100011
00000001110101101111011101100011
00000110100011101110011110010011
01000001110101101000010100110011
01000000000101010101010100010011
00000000000001010111010100110011
00000000000000000000110010010011
00000000101011001000101011100011
00000110110111101110011110010011
01000001110101101000010100110011
01000000001001010101010100010011
00000000000001010111010100110011
00000000000000000000110010010011
00000000101011001000001111100011
00000101010000000000000010010011
00000000000000011011000001101111
00000100011000000000000010010011