00000000000000000110010000010111
00000000000000000001100100010111
00000000000000001000110010010111
00000000000000000001011010010111
00000000000000001001010010110111
00000000000000000010000010110111
00000000000000001001000100110111
00000000000000000100111110110111
00000000111001011000010000100011
00000001110101011100100100100011
00000011010001000000110010100011
00000011111001000100011010100011
00000010101001001000010010100011
00000011101101001100000010100011
00000011011101010000000100100011
00000010111101010100111110100011
00000011010011111010100110000011
00000011000000010010110000000011
00000010110000001010001110000011
00000010100001001010001100000011
00000010010001101010001000000011
00000010000011001010011000000011
00000001110010010010101010000011
00000001100001000010100000000011
00000011000001110001001111100011
00000011010111101001001111100011
00000010110010100001001111100011
00000010010011110001001111100011
00000010011001010001001111100011
00000010011111011001001111100011
00000011100010111001001111100011
00000011001101111001001111100011
00000101010000000000000010010011
00000000000000101010000001101111
00000100011000000000000010010011