00000010101100000000101110010011
10000000000000000000101100010011
00101100010110111010010000010011
00000001011110110110001111100011
00000001011110110111011101100011
00000100011110111110101000010011
01000001011110110000011010110011
01000000001101101101011010010011
00000000000001101111011010110011
00000000000000000000111110010011
00000000110111111000101011100011
00000000111110111110101000010011
01000001011110110000011010110011
01000000000001101101011010010011
00000000000001101111011010110011
00000000000000000000111110010011
00000000110111111000101011100011
00000101010000000000000010010011
00000000000000011011000001101111
00000100011000000000000010010011