00001011011100000000100010010011
00001010101100000000100110010011
00000111001000000000011010010011
00000001000110011110001111100011
00000001000110011111011101100011
00000100011101101000010010010011
00000011010101101111101100010011
00000000100110110000101100110011
00000000000010110101101100010011
00001110100100000000100000010011
00000001011010000001110001100011
00001100001001101110010010010011
00000001010001101100101100010011
00000000100110110000101100110011
01000000010010110101101100010011
00000001010100000000100000010011
00000001011010000001110001100011
00000101010000000000000010010011
00000000000000011011000001101111
00000100011000000000000010010011