00000010111000000000111100010011
10000000000000000000100010010011
00011100101011110010100100010011
00000001111010001110001111100011
00000001111010001111011101100011
00001001111111110110011010010011
01000001111010001000010110110011
01000000000001011101010110010011
00000000000001011111010110110011
00000000000000000000100110010011
00000000101110011000101011100011
00001010000011110110011010010011
01000001111010001000010110110011
01000000010001011101010110010011
00000000000001011111010110110011
00000000000000000000100110010011
00000000101110011000101011100011
00000101010000000000000010010011
00000000000000011011000001101111
00000100011000000000000010010011