00000010010100000000101000010011
00000010011100000000110110010011
00000001101110100010011000110011
00000001010011011110001111100011
00000001010011011111011101100011
00000100000110100110010000010011
01000001010011011000110000110011
01000000001011000101110000010011
00000000000011000111110000110011
00000000000000000000000100010011
00000001100000010000101011100011
00000001011110100110010000010011
01000001010011011000110000110011
01000000001111000101110000010011
00000000000011000111110000110011
00000000000000000000000100010011
00000001100000010000101011100011
00000101010000000000000010010011
00000000000000011011000001101111
00000100011000000000000010010011