00000000010000000000001010010011
00000000000000000000000010110011
00000000000000000000100110110011
00000011100000000000010100010011
00000100110000000000101100010011
00000100110000000000010010010011
00000010010000000000111000010011
00000001010000000000101010010011
00000011011000001100010100100011
00000010100100010000010100100011
00000011110000010100010100100011
00000011010100011000010100100011
00000000001010011001101000010011
00000000101010100000010000110011
00000010110001000000001100000011
00000000011000001000000010110011
00000000000110011000100110010011
00000001001100101000110001100011
00000000000000010001000001101111
00001101000000000000110100010011
00000001101000001001111101100011
00000101010000000000000010010011
00000000000000100001000001101111
00000100011000000000000010010011