00000000000000000101000110110111
00000000000000000011010010110111
00000000000000000001101110110111
00000000000000000110000100110111
00000010110001000100000110100011
00000011110101001000010010100011
00000010011101001100101110100011
00000011101101010000000100100011
00000011000000010010011010000011
00000010110010111010010110000011
00000010100001001010010100000011
00000010010000011010110010000011
00000001100101100001101111100011
00000000101011101001101111100011
00000000101100111001101111100011
00000000110111011001101111100011
00000101010000000000000010010011
00000000000000011010000001101111
00000100011000000000000010010011