00000000000000000010110000010111
00000000000000001000100000010111
00000000000000000110101000010111
00000000000000000001011000010111
00000000000000000011001000110111
00000000000000000000100110110111
00000000000000000111110100110111
00000000000000000011011110110111
00000011100101010000110000100011
00000010100101010100100000100011
00000010011101011000101000100011
00000010111001011100011000100011
00000100011001000000001000100011
00000100100001000100100110100011
00000101111001001000110100100011
00000101011001001100011110100011
00000100110001111010001010000011
00000100100011010010101110000011
00000100010010011010100100000011
00000100000000100010110110000011
00000011110001100010000100000011
00000011100010100010000010000011
00000011010010000010111110000011
00000011000011000010000110000011
00000010001111001001001111100011
00000011111101001001001111100011
00000010000100111001001111100011
00000010001001110001001111100011
00000011101100110001001111100011
00000011001001000001001111100011
00000011011111110001001111100011
00000010010110110001001111100011
00000101010000000000000010010011
00000000000000101010000001101111
00000100011000000000000010010011