00000101110000000000001100010011
00000101101100000000010100010011
00000000101000110011001110110011
00000000011001010110001111100011
00000000011001010111011101100011
00000110101100110110111010010011
01000000011001010000010000110011
01000000010001000101010000010011
00000000000001000111010000110011
00000000000000000000100110010011
00000000100010011000101011100011
00000100010100110110111010010011
01000000011001010000010000110011
01000000000101000101010000010011
00000000000001000111010000110011
00000000000000000000100110010011
00000000100010011000001111100011
00000101010000000000000010010011
00000000000000011011000001101111
00000100011000000000000010010011