00000010001100000000101010010011
11111100000000000000010000010011
00000000001100000000111110010011
00000001110000000000000110010011
00000000000100000000001000010011
00000001010101000100010011100011
00000001010101000101100001100011
01000000001111111000010100110011
00000000001111111111100000110011
00001001010010000010100000010011
00000000010010000101100000110011
11111111001100000000011110010011
00000001000001111001110101100011
00000000001111111110010100110011
00000000001111111100100000110011
00000100111110000011100000010011
01000000010010000101100000110011
00000001111100000000011110010011
00000001000001111001110101100011
00000101010000000000000010010011
00000000000000011101000001101111
00000100011000000000000010010011