00000010010100000000011010010011
00000110111100000000010100010011
00000110111101101011101000010011
00000000110101010110001111100011
00000000110101010111011101100011
00000100101101101110001010010011
01000000110101010000111100110011
01000000001111110101111100010011
00000000000011110111111100110011
00000000000000000000000010010011
00000001111000001000101011100011
00000101011101101110001010010011
01000000110101010000111100110011
01000000001011110101111100010011
00000000000011110111111100110011
00000000000000000000000010010011
00000001111000001000101011100011
00000101010000000000000010010011
00000000000000011011000001101111
00000100011000000000000010010011