00000000000000000111001000110111
00000000000000000011101110110111
00000000000000000100001010110111
00000000000000000110111010110111
00000000000000000000100100110111
00000000000000000001001100110111
00000000000000000000010000110111
00000000000000000100101010110111
00000010110101010000001000100011
00000011010001010100101110100011
00000010011101011000001010100011
00000011111001011100111010100011
00000101000101000000100100100011
00000101100001000100001100100011
00000101001101001000010000100011
00000100001101001100101010100011
00000100110010101010000100000011
00000100100001000010110100000011
00000100010000110010011100000011
00000100000010010010111000000011
00000011110011101010010110000011
00000011100000101010011110000011
00000011010010111010100000000011
00000011000000100010111110000011
00000011111101101001001111100011
00000011000010100001001111100011
00000010111100111001001111100011
00000010101111110001001111100011
00000011110010001001001111100011
00000010111011000001001111100011
00000011101010011001001111100011
00000010001000011001001111100011
00000101010000000000000010010011
00000000000000101010000001101111
00000100011000000000000010010011