00000101101000000000001100010011
00000101100100000000001110010011
00000000011100110011111110110011
00000000011000111110001111100011
00000000011000111111011101100011
00000100100100110110101010010011
01000000011000111000111000110011
01000000001011100101111000010011
00000000000011100111111000110011
00000000000000000000101000010011
00000001110010100000101011100011
00000110001100110110101010010011
01000000011000111000111000110011
01000000010011100101111000010011
00000000000011100111111000110011
00000000000000000000101000010011
00000001110010100000001111100011
00000101010000000000000010010011
00000000000000011011000001101111
00000100011000000000000010010011