00000000010000000000111010010011
00000000000000000000101000110011
00000000000000000000010010110011
00000011010000000000100010010011
00000000001000000000010100010011
00000010010000000000110010010011
00000000000000000000110100010011
00000100110000000000011100010011
00000011000000000000110000010011
00000001100100101000100010100011
00000001101000101100100010100011
00000000111000110000100010100011
00000001100000110100100010100011
00000000101001001001011000110011
00000001000101100000010000110011
00000001101110101000010000000011
00000001101110100000101000110011
00000000000101001000010010010011
00000000100111101000110011100011
00000000000000010010000001101111
00001010000000000000011110010011
00000000111110100001111111100011
00000101010000000000000010010011
00000000000000100010000001101111
00000100011000000000000010010011