00000000010000000000011100010011
00000000000000000000001110110011
00000000000000000000011010110011
00000010110000000000010100010011
00001001110000000000001010010011
00000000010000000000011000010011
00000100110000000000011110010011
00000001100000000000000010010011
00000010010101010000010100100011
00000010110001010100010100100011
00000010111101011000010100100011
00000010000101011100010100100011
00000000001001101001100010010011
00000000101010001000111000110011
00000011000011100010001100000011
00000000011000111000001110110011
00000000000101101000011010010011
00000000110101110000110001100011
00000000000000010001000001101111
00010000010000000000110000010011
00000001100000111001111101100011
00000101010000000000000010010011
00000000000000100001000001101111
00000100011000000000000010010011