00001010100000000000110100010011
00000100010100000000100000010011
00000110010000000000110110010011
00000100011100000000000010010011
00000000001000000000010010010011
00000001101010000100010011100011
00000001101010000101100001100011
01000000000111011000101100110011
00000000000111011111000110110011
00001011010100011010000110010011
00000000100100011101000110110011
00000001100000000000101000010011
00000000001110100001110101100011
00000000000111011110101100110011
00000000000111011100000110110011
00000000101000011011000110010011
01000000100100011101000110110011
00000010001000000000101000010011
00000000001110100001110101100011
00000101010000000000000010010011
00000000000000011101000001101111
00000100011000000000000010010011