00001001001100000000010010010011
00000011000000000000101110010011
00001100001100000000100000010011
00000000011100000000011110010011
00000000000000000000001010010011
00000000100110111100010011100011
00000000100110111101100001100011
01000000111110000000011000110011
00000000111110000111101000110011
00000111000010100010101000010011
00000000010110100101101000110011
00001011111100000000001100010011
00000001010000110001110101100011
00000000111110000110011000110011
00000000111110000100101000110011
00001100000110100011101000010011
01000000010110100101101000110011
00011000101100000000001100010011
00000001010000110001110101100011
00000101010000000000000010010011
00000000000000011101000001101111
00000100011000000000000010010011