00000101001100000000011010010011
00001010110000000000100000010011
00001100000000000000111010010011
00000000110110000110001111100011
00000000110110000111011101100011
00000111110011101000101010010011
00001010100111101111000100010011
00000001010100010000000100110011
00000000010000010101000100010011
00000001101100000000100010010011
00000000001010001001110001100011
00000001011011101110101010010011
00000001111111101100000100010011
00000001010100010000000100110011
01000000010000010101000100010011
00000001101100000000100010010011
00000000001010001001110001100011
00000101010000000000000010010011
00000000000000011011000001101111
00000100011000000000000010010011