00000001100100000000010000010011
00000001100000000000111110010011
00000001111101000011000100110011
00000000100011111110001111100011
00000000100011111111011101100011
00001000010001000110110010010011
01000000100011111000100110110011
01000000000010011101100110010011
00000000000010011111100110110011
00000000000000000000111000010011
00000001001111100000101011100011
00000110010001000110110010010011
01000000100011111000100110110011
01000000000110011101100110010011
00000000000010011111100110110011
00000000000000000000111000010011
00000001001111100000001111100011
00000101010000000000000010010011
00000000000000011011000001101111
00000100011000000000000010010011