00000011010100000000011000010011
00000011010000000000010000010011
00000000100001100011001000110011
00000000110001000110001111100011
00000000110001000111011101100011
00000001000101100110101100010011
01000000110001000000101010110011
01000000000010101101101010010011
00000000000010101111101010110011
00000000000000000000100110010011
00000001010110011000101011100011
00001011110101100110101100010011
01000000110001000000101010110011
01000000001010101101101010010011
00000000000010101111101010110011
00000000000000000000100110010011
00000001010110011000001111100011
00000101010000000000000010010011
00000000000000011011000001101111
00000100011000000000000010010011