00000000010000000000111000010011
00000000000000000000001000010011
00000000000000000000011010010011
00000001000000000000010110010011
00000001100000000000100110010011
00000000010000000000010000010011
00000011000000000000111110010011
00000001010000000000111100010011
00000001001100100100010110100011
00000000100000101000010110100011
00000001111100101100010110100011
00000001111000110000010110100011
00000000001001101001101000010011
00000000101110100000000110110011
00000000010000011001110110000011
00000001101100100000001000110011
00000000000101101000011010010011
00000000110111100000110001100011
00000000000000010001000001101111
00000110000000000000011110010011
00000000111100100001111101100011
00000101010000000000000010010011
00000000000000100001000001101111
00000100011000000000000010010011