00000001000100000000101100010011
11111010111000000000110000010011
00001000111100000000100100010011
00000111100100000000111000010011
00000000000100000000110100010011
00000001011011000100010011100011
00000001011011000101100001100011
01000001110010010000011010110011
00000001110010010111000010110011
00000000110100001000000010110011
00000001101000001101000010110011
00000000111100000000111010010011
00000000000111101001110101100011
00000001110010010110011010110011
00000001110010010100000010110011
00000000110100001000000010110011
01000001101000001101000010110011
00001111101000000000111010010011
00000000000111101001110101100011
00000101010000000000000010010011
00000000000000011101000001101111
00000100011000000000000010010011