00000111111100000000100100010011
00001000010100000000001110010011
00001011011000000000111110010011
00000001001000111110001111100011
00000001001000111111011101100011
00000001011011111000001000010011
00000100011111111111100000010011
00000000010010000000100000110011
00000000000010000101100000010011
00001101001000000000010100010011
00000001000001010001110001100011
00001011110111111110001000010011
00000110101111111100100000010011
00000000010010000000100000110011
01000000001110000101100000010011
00000011001100000000010100010011
00000001000001010001110001100011
00000101010000000000000010010011
00000000000000011011000001101111
00000100011000000000000010010011