00000000110100000000010110010011
00000000000100000000001000010011
00000000000100000000110110010011
00000000001100000000110010010011
00000000101100000000011111100011
00000000101111011000100111100011
00000000101111001100101111100011
00000001101100100000011110110011
00000000000011011000001000010011
00000000000001111000110110010011
00000000000111001000110010010011
00000000000000001001000001101111
00000000000000000000011110010011
00000000000000000000000010010011
00000000111100001001111101100011
00000000000100000000011110010011
00000000000100000000000100010011
00000000111100010001111101100011
00001110100100000000000110010011
00000000111100011001100111100011
00000101010000000000000010010011
00000000000000100001000001101111
00000100011000000000000010010011