00000000010000000000110010010011
00000000000000000000010110110011
00000000000000000000101010110011
00000100010000000000011110010011
00000000001000000000111110010011
00000100100000000000001100010011
00000000110000000000101100010011
00000000000000000000101110010011
00000010100000000000000110010011
00000100011000100100011110100011
00000101011000101000011110100011
00000101011100101100011110100011
00000100001100110000011110100011
00000001111110101001110000110011
00000000111111000000011000110011
00000100010010100100011000000011
00000000010001011000010110110011
00000000000110101000101010010011
00000001010111001000110011100011
00000000000000010010000001101111
00000111110000000000100010010011
00000001000101011001111111100011
00000101010000000000000010010011
00000000000000100010000001101111
00000100011000000000000010010011