10000000000000000000101110010011
00001010100100000000010110010011
00000000101110111011001110110011
00000001011101011110001111100011
00000001011101011111011101100011
00001001111010111110000110010011
01000001011101011000001010110011
01000000010000101101001010010011
00000000000000101111001010110011
00000000000000000000011000010011
00000000010101100000101011100011
00000110011110111110000110010011
01000001011101011000001010110011
01000000001100101101001010010011
00000000000000101111001010110011
00000000000000000000011000010011
00000000010101100000101011100011
00000101010000000000000010010011
00000000000000011011000001101111
00000100011000000000000010010011