00000100100100000000101110010011
10000000000000000000101010010011
00100000001110111010100010010011
00000001011110101110001111100011
00000001011110101111011101100011
00000011010110111110111000010011
01000001011110101000011010110011
01000000001001101101011010010011
00000000000001101111011010110011
00000000000000000000011000010011
00000000110101100000101011100011
00000011110010111110111000010011
01000001011110101000011010110011
01000000010001101101011010010011
00000000000001101111011010110011
00000000000000000000011000010011
00000000110101100000101011100011
00000101010000000000000010010011
00000000000000011011000001101111
00000100011000000000000010010011