00001100010100000000100110010011
00011011101000000000101000010011
00000001110000000000101010010011
00100000010100000000101100010011
00000001011100000000101110010011
00001011110000000000110000010011
00000000010100000000110010010011
00000100110000000000110100010011
00011011101000000000110110010011
00000001001110011000100110110011
00000001010010100100101000110011
01000001010110101000101010110011
00000001011010110101101100110011
00000001011110111111101110110011
01000001100011000101110000110011
00000001100111001001110010110011
00000001101011010110110100110011
00000001101111011000110110110011
00011000101000000000000100010011
00000000000000000000000110010011
00000000000000000000001000010011
00000001000000000000001010010011
00000001011100000000001100010011
00000000000000000000001110010011
00001010000000000000010000010011
00000100110000000000010010010011
00110111010000000000010100010011
00000011001100010001010111100011
00000011010000011001010111100011
00000011010100100001010111100011
00000011011000101001010111100011
00000011011100110001010111100011
00000011100000111001010111100011
00000011100101000001010111100011
00000011101001001001010111100011
00000011101101010001010111100011
00000101010000000000000010010011
00000000000000101110000001101111
00000100011000000000000010010011