10000000000000000000100000010011
00000100001100000000110100010011
00000001101010000011111010110011
00000001000011010110001111100011
00000001000011010111011101100011
00000000001110000110001000010011
01000001000011010000001010110011
01000000010000101101001010010011
00000000000000101111001010110011
00000000000000000000100010010011
00000000010110001000101011100011
00001011101110000110001000010011
01000001000011010000001010110011
01000000001100101101001010010011
00000000000000101111001010110011
00000000000000000000100010010011
00000000010110001000101011100011
00000101010000000000000010010011
00000000000000011011000001101111
00000100011000000000000010010011