00000000010000000000100110010011
00000000000000000000010000110011
00000000000000000000100100110011
00000011000000000000010010010011
00000000001000000000110010010011
00000000010000000000001110010011
00000100000000000000111000010011
00000001110000000000011100010011
00000010100000000000010100010011
00000010011100100100010010100011
00000011110000101000010010100011
00000010111000101100010010100011
00000010101000110000010010100011
00000001100110010001101000110011
00000000100110100000101010110011
00000010011010100100101010000011
00000000011001000000010000110011
00000000000110010000100100010011
00000001001010011000110011100011
00000000000000010010000001101111
00001000100000000000011000010011
00000000110001000001111111100011
00000101010000000000000010010011
00000000000000100010000001101111
00000100011000000000000010010011