00000000010000000000111000010011
00000000000000000000100110110011
00000000000000000000000010110011
00000011010000000000110000010011
00000000001000000000101100010011
00000011010000000000110100010011
00000001000000000000101000010011
00000010110000000000100100010011
00000000110000000000101110010011
00000011101000100100110000100011
00000011010000101000110000100011
00000011001000101100110000100011
00000011011100110000110000100011
00000001011000001001111010110011
00000001100011101000001010110011
00000010110110100100001010000011
00000000110110011000100110110011
00000000000100001000000010010011
00000000000111100000110011100011
00000000000000010010000001101111
00000111110000000000110010010011
00000001100110011001111111100011
00000101010000000000000010010011
00000000000000100010000001101111
00000100011000000000000010010011