00000001000100000000101100010011
00000000000100000000110100010011
00000000000100000000001010010011
00000000001100000000111010010011
00000001011000000000011111100011
00000001011000101000100111100011
00000001011011101100101111100011
00000000010111010000101000110011
00000000000000101000110100010011
00000000000010100000001010010011
00000000000111101000111010010011
00000000000000001001000001101111
00000000000000000000101000010011
00000000000000000000111000010011
00000001010011100001111101100011
00000000000100000000101000010011
00000000000100000000011100010011
00000001010001110001111101100011
01100011110100000000100110010011
00000001010010011001100111100011
00000101010000000000000010010011
00000000000000100001000001101111
00000100011000000000000010010011