00000000000000000011010010010111
00000000000000000111001000010111
00000000000000001001101100010111
00000000000000000011011000010111
00000000000000001000101000110111
00000000000000000011001100110111
00000000000000000011010000110111
00000000000000000101011100110111
00000111110001001000010010100011
00000110110101001100001000100011
00000111101101010000101100100011
00000111001101010100011000100011
00000111001001011000101000100011
00000111011101011100001100100011
00001001111101000000010000100011
00001001100001000100011100100011
00001000010001110010111100000011
00001000000001000010101010000011
00000111110000110010001110000011
00000111100010100010100010000011
00000111010001100010001010000011
00000111000010110010100000000011
00000110110000100010111010000011
00000110100001001010000100000011
00000010001011100001001111100011
00000011110101101001001111100011
00000011000011011001001111100011
00000010010110011001001111100011
00000011000110010001001111100011
00000010011110111001001111100011
00000011010111111001001111100011
00000011111011000001001111100011
00000101010000000000000010010011
00000000000000101010000001101111
00000100011000000000000010010011