00000000000000000100111010010111
00000000000000001000101100010111
00000000000000001000110000010111
00000000000000000001001000010111
00000000000000000111100010110111
00000000000000000111001010110111
00000000000000001000010100110111
00000000000000000100011010110111
00000100100101011100111010100011
00000111010001000000101100100011
00000110011001000100110000100011
00000110111001001000001000100011
00000110100001001100100010100011
00000110111101010000001010100011
00000110001101010100010100100011
00000111100101011000011010100011
00000111100001101010000010000011
00000111010001010010111110000011
00000111000000101010111100000011
00000110110010001010100100000011
00000110100000100010100000000011
00000110010011000010000100000011
00000110000010110010110100000011
00000101110011101010001110000011
00000010011101001001001111100011
00000011101010100001001111100011
00000010001000110001001111100011
00000011000001110001001111100011
00000011001001000001001111100011
00000011111001111001001111100011
00000011111100011001001111100011
00000010000111001001001111100011
00000101010000000000000010010011
00000000000000101010000001101111
00000100011000000000000010010011