00000000010000000000100010010011
00000000000000000000110000110011
00000000000000000000011000110011
00000010110000000000111100010011
00000111110000000000111110010011
00000000110000000000110100010011
00000010010000000000000100010011
00000011010000000000101000010011
00000001111101000000111100100011
00000001101001000100111100100011
00000000001001001000111100100011
00000001010001001100111100100011
00000000001001100001100000010011
00000001111010000000001100110011
00000000000000110010111000000011
00000001110011000000110000110011
00000000000101100000011000010011
00000000110010001000110001100011
00000000000000010001000001101111
00001110000000000000101010010011
00000001010111000001111101100011
00000101010000000000000010010011
00000000000000100001000001101111
00000100011000000000000010010011