00001010100100000000011110010011
00000100011000000000100110010011
00000000001100000000100010010011
00000000011000000000110010010011
00000000001000000000101110010011
00000000111110011100010011100011
00000000111110011101100001100011
01000001100110001000001000110011
00000001100110001111000100110011
00000000010000010000000100110011
00000001011100010101000100110011
11111111111100000000000010010011
00000000001000001001110101100011
00000001100110001110001000110011
00000001100110001100000100110011
00000000010000010000000100110011
01000001011100010101000100110011
00000000001100000000000010010011
00000000001000001001110101100011
00000101010000000000000010010011
00000000000000011101000001101111
00000100011000000000000010010011