00000000010000000000001010010011
00000000000000000000010010110011
00000000000000000000111010110011
00000010010000000000000110010011
00000000001000000000111100010011
00000000110000000000101100010011
00000000110000000000111110010011
00000000010000000000100010010011
00000100100000000000101000010011
00000001011000110000000110100011
00000001111100110100000110100011
00000001000100111000000110100011
00000001010000111100000110100011
00000001111011101001001110110011
00000000001100111000000100110011
00000000010010110000000100000011
00000000010001001000010010110011
00000000000111101000111010010011
00000001110100101000110011100011
00000000000000010010000001101111
00000110010000000000001100010011
00000000011001001001111111100011
00000101010000000000000010010011
00000000000000100010000001101111
00000100011000000000000010010011