00000000010000000000101100010011
00000000000000000000010100110011
00000000000000000000011000110011
00000010000000000000011010010011
00000001100000000000111000010011
00000000100000000000001010010011
00000011010000000000001000010011
00000010100000000000111010010011
00000101110001000000011010100011
00000100010101000100011010100011
00000100010001001000011010100011
00000101110101001100011010100011
00000000001001100001000100010011
00000000110100010000011100110011
00000100000001110010100100000011
00000001001001010000010100110011
00000000000101100000011000010011
00000000110010110000110001100011
00000000000000010001000001101111
00000111110000000000000110010011
00000000001101010001111101100011
00000101010000000000000010010011
00000000000000100001000001101111
00000100011000000000000010010011