00000000010000000000100110010011
00000000000000000000010110110011
00000000000000000000011000110011
00000010000000000000001110010011
00000000000000000000001100010011
00000001110000000000110010010011
00000100110000000000101010010011
00000011010000000000010100010011
00000010011000010000001110100011
00000011100100010100001110100011
00000011010100011000001110100011
00000010101000011100001110100011
00000000001001100001111110010011
00000000011111111000110110110011
00000011000011011000101000000011
00000001010001011000010110110011
00000000000101100000011000010011
00000000110010011000110001100011
00000000000000010001000001101111
00001001110000000000101100010011
00000001011001011001111101100011
00000101010000000000000010010011
00000000000000100001000001101111
00000100011000000000000010010011