00000000010000000000011010010011
00000000000000000000001100110011
00000000000000000000001110110011
00000001010000000000011100010011
00000000001000000000000110010011
00000001110000000000000100010011
00000011010000000000111100010011
00000010000000000000101010010011
00000011100000000000100000010011
00000000001000000000011100100011
00000001111000000100011100100011
00000001010100001000011100100011
00000001000000001100011100100011
00000000001100111001010000110011
00000000111001000000110100110011
00000000000011010100010010000011
00000000100100110000001100110011
00000000000100111000001110010011
00000000011101101000110011100011
00000000000000010010000001101111
00001010100000000000110000010011
00000001100000110001111111100011
00000101010000000000000010010011
00000000000000100010000001101111
00000100011000000000000010010011