00000000001100000000110000010011
00000000000100000000111100010011
00000000000100000000011110010011
00000000001100000000001100010011
00000001100000000000011111100011
00000001100001111000100111100011
00000001100000110100101111100011
00000000111111110000011000110011
00000000000001111000111100010011
00000000000001100000011110010011
00000000000100110000001100010011
00000000000000001001000001101111
00000000000000000000011000010011
00000000000000000000111110010011
00000000110011111001111101100011
00000000000100000000011000010011
00000000000100000000001000010011
00000000110000100001111101100011
00000000001000000000100000010011
00000000110010000001100111100011
00000101010000000000000010010011
00000000000000100001000001101111
00000100011000000000000010010011