00000000010000000000111010010011
00000000000000000000110110110011
00000000000000000000111110110011
00000011010000000000000010010011
00000000001000000000010100010011
00000000110000000000010000010011
00000011110000000000101100010011
00000000000000000000010110010011
00000000100000000000001010010011
00000010100000111000000010100011
00000011011000111100000010100011
00000100101100100000000010100011
00000100010100100100000010100011
00000000101011111001100010110011
00000000000110001000100000110011
00000011001010111000100000000011
00000001001011011000110110110011
00000000000111111000111110010011
00000001111111101000110011100011
00000000000000010010000001101111
00000101000000000000011100010011
00000000111011011001111111100011
00000101010000000000000010010011
00000000000000100010000001101111
00000100011000000000000010010011