00000000010000000000110100010011
00000000000000000000011100110011
00000000000000000000001110110011
00000001000000000000010010010011
00000000001000000000101010010011
00000010010000000000111000010011
00000100100000000000010100010011
00000011100000000000110000010011
00000000000000000000100100010011
00000011110000010000010010100011
00000010101000010100010010100011
00000011100000011000010010100011
00000011001000011100010010100011
00000001010100111001110110110011
00000000100111011000111110110011
00000011000011111100100010000011
00000001000101110000011100110011
00000000000100111000001110010011
00000000011111010000110011100011
00000000000000010010000001101111
00001010010000000000010110010011
00000000101101110001111111100011
00000101010000000000000010010011
00000000000000100010000001101111
00000100011000000000000010010011