00000000000000000010011000010111
00000000000000000000111000010111
00000000000000000010110010010111
00000000000000000100101110010111
00000000000000000010110000110111
00000000000000000010100000110111
00000000000000000101010100110111
00000000000000000110010010110111
00000111010001010000011000100011
00000111011001010100111000100011
00000110010101011000110010100011
00000110101101011100101110100011
00001001101101000000110000100011
00001001111001000100100000100011
00001000010001001000010100100011
00001000000101001100010010100011
00001000110001001010100100000011
00001000100001010010111010000011
00001000010010000010000110000011
00001000000011000010011010000011
00000111110010111010011100000011
00000111100011001010011110000011
00000111010011100010100110000011
00000111000001100010001110000011
00000010011110100001001111100011
00000011001110110001001111100011
00000010111100101001001111100011
00000010111001011001001111100011
00000010110111011001001111100011
00000010001111110001001111100011
00000011110100100001001111100011
00000011001000001001001111100011
00000101010000000000000010010011
00000000000000101010000001101111
00000100011000000000000010010011