00000000000000000000000010010011
11111001110100000000001100010011
00000011100100000000100110010011
00000110101100000000111000010011
00000000001100000000010100010011
00000000000100110100010011100011
00000000000100110101100001100011
01000001110010011000111100110011
00000001110010011111101000110011
00000001111010100000101000110011
00000000101010100101101000110011
11111111111000000000010000010011
00000001010001000001110101100011
00000001110010011110111100110011
00000001110010011100101000110011
00000001111010100000101000110011
01000000101010100101101000110011
00000001100100000000010000010011
00000001010001000001110101100011
00000101010000000000000010010011
00000000000000011101000001101111
00000100011000000000000010010011