00000000010000000000100000010011
00000000000000000000101010010011
00000000000000000000111000010011
00000010010000000000011010010011
00000010000000000000101110010011
00000000110000000000010000010011
00000001000000000000001100010011
00000011110000000000100100010011
00000101011100101100011010100011
00000100100000110000011010100011
00000100011000110100011010100011
00000101001000111000011010100011
00000000001011100001011000010011
00000000110101100000001000110011
00000100110000100001000100000011
00000000001010101000101010110011
00000000000111100000111000010011
00000001110010000000110001100011
00000000000000010001000001101111
00000111100000000000011110010011
00000000111110101001111101100011
00000101010000000000000010010011
00000000000000100001000001101111
00000100011000000000000010010011