00000000010000000000010100010011
00000000000000000000101110110011
00000000000000000000011000110011
00000000010000000000111010010011
00000000001000000000010000010011
00000011110000000000101010010011
00000010000000000000110110010011
00000011010000000000111000010011
00000010110000000000000010010011
00000011010100011100111010100011
00000101101100000000111010100011
00000101110000000100111010100011
00000100000100001000111010100011
00000000100001100001001100110011
00000001110100110000100110110011
00000011110010011100010010000011
00000000100110111000101110110011
00000000000101100000011000010011
00000000110001010000110011100011
00000000000000010010000001101111
00001011110000000000010110010011
00000000101110111001111111100011
00000101010000000000000010010011
00000000000000100010000001101111
00000100011000000000000010010011