00000000000000001001101100010111
00000000000000000000100000010111
00000000000000000010010000010111
00000000000000000001000010010111
00000000000000000001100110110111
00000000000000001000101000110111
00000000000000000100001000110111
00000000000000000001010110110111
00000111111101010100101100100011
00000110110001011000100000100011
00000110111001011100010000100011
00001001101101000000000010100011
00001001010101000100100110100011
00001000001001001000101000100011
00001001000101001100001000100011
00001001101001010000010110100011
00001001000001011010010010000011
00001000110000100010001110000011
00001000100010100010010100000011
00001000010010011010111010000011
00001000000000001010100100000011
00000111110001000010111100000011
00000111100010000010110000000011
00000111010010110010001010000011
00000010010111111001001111100011
00000011100001100001001111100011
00000011111001110001001111100011
00000011001011011001001111100011
00000011110110101001001111100011
00000010101000010001001111100011
00000010011110001001001111100011
00000010100111010001001111100011
00000101010000000000000010010011
00000000000000101010000001101111
00000100011000000000000010010011