00000011100100000000101010010011
11111101011000000000010100010011
00000000001100000000100000010011
00000111101000000000001100010011
00000000000000000000110010010011
00000001010101010100010011100011
00000001010101010101100001100011
01000000011010000000101110110011
00000000011010000111101000110011
00000001011110100000101000110011
00000001100110100101101000110011
11111000101100000000011000010011
00000001010001100001110101100011
00000000011010000110101110110011
00000000011010000100101000110011
00000001011110100000101000110011
01000001100110100101101000110011
00001111010000000000011000010011
00000001010001100001110101100011
00000101010000000000000010010011
00000000000000011101000001101111
00000100011000000000000010010011