00000111010000000000001010010011
00000010001000000000001110010011
00001001001000000000100110010011
00000000010100111110001111100011
00000000010100111111011101100011
00000111100110011000101000010011
00000010110010011111010010010011
00000001010001001000010010110011
00000000010001001101010010010011
00000001000000000000010000010011
00000000100101000001110001100011
00001001111110011110101000010011
00000110001110011100010010010011
00000001010001001000010010110011
01000000001101001101010010010011
00000011001000000000010000010011
00000000100101000001110001100011
00000101010000000000000010010011
00000000000000011011000001101111
00000100011000000000000010010011