00000000010000000000110000010011
00000000000000000000000110010011
00000000000000000000101110010011
00000000100000000000101000010011
00000011010000000000011000010011
00000010100000000000111000010011
00000000110000000000100000010011
00000000100000000000010000010011
00000000110000110100101000100011
00000001110000111000101000100011
00000001000000111100101000100011
00000010100000100000101000100011
00000000001010111001001010010011
00000001010000101000101010110011
00000001010010101001100010000011
00000001000100011000000110110011
00000000000110111000101110010011
00000001011111000000110001100011
00000000000000010001000001101111
00000111000000000000101100010011
00000001011000011001111101100011
00000101010000000000000010010011
00000000000000100001000001101111
00000100011000000000000010010011