00001001110000000000110000010011
00000011100100000000111000010011
00000010001100000000010000010011
00000111100000000000100010010011
00000000000000000000000010010011
00000001100011100100010011100011
00000001100011100101100001100011
01000001000101000000101110110011
00000001000101000111110110110011
00000001011111011010110110110011
00000000000111011101110110110011
11111100101100000000001000010011
00000001101100100001110101100011
00000001000101000110101110110011
00000001000101000100110110110011
00000001011111011011110110110011
01000000000111011101110110110011
00001101011000000000001000010011
00000001101100100001110101100011
00000101010000000000000010010011
00000000000000011101000001101111
00000100011000000000000010010011