00000000000000000100110000110111
00000000000000000110110110110111
00000000000000000110011100110111
00000000000000000111001010110111
00000110100000000100110000100011
00000110110100000100110110100011
00000111000100000100011100100011
00000111110100000100001010100011
00000110010000101000011000000011
00000110010001110000101000000011
00000110010011011000100000000011
00000110010011000000010100000011
00000000101001000001101111100011
00000001000001101001101111100011
00000001010010001001101111100011
00000000110011101001101111100011
00000101010000000000000010010011
00000000000000011010000001101111
00000100011000000000000010010011