00000000000100000000110110010011
11111001111000000000001010010011
00000101101100000000011000010011
00001011100100000000100010010011
00000000000000000000110000010011
00000001101100101100010011100011
00000001101100101101100001100011
01000001000101100000000100110011
00000001000101100111110010110011
00000000001011001000110010110011
00000001100011001101110010110011
11111011101100000000100100010011
00000001100110010001110101100011
00000001000101100110000100110011
00000001000101100100110010110011
00000000001011001000110010110011
01000001100011001101110010110011
00011101110100000000100100010011
00000001100110010001110101100011
00000101010000000000000010010011
00000000000000011101000001101111
00000100011000000000000010010011