00000011111000000000101100010011
10000000000000000000111110010011
00010010010010110010111100010011
00000001011011111110001111100011
00000001011011111111011101100011
00000011000110110110101010010011
01000001011011111000010000110011
01000000001101000101010000010011
00000000000001000111010000110011
00000000000000000000000110010011
00000000100000011000101011100011
00000001011010110110101010010011
01000001011011111000010000110011
01000000001101000101010000010011
00000000000001000111010000110011
00000000000000000000000110010011
00000000100000011000101011100011
00000101010000000000000010010011
00000000000000011011000001101111
00000100011000000000000010010011