00000101101100000000100100010011
10000000000000000000000110010011
00000110000110010010100000010011
00000001001000011110001111100011
00000001001000011111011101100011
00001001010010010110111100010011
01000001001000011000011110110011
01000000000101111101011110010011
00000000000001111111011110110011
00000000000000000000011100010011
00000000111101110000101011100011
00000110011110010110111100010011
01000001001000011000011110110011
01000000001101111101011110010011
00000000000001111111011110110011
00000000000000000000011100010011
00000000111101110000101011100011
00000101010000000000000010010011
00000000000000011011000001101111
00000100011000000000000010010011