00000000010000000000110010010011
00000000000000000000000100010011
00000000000000000000101110010011
00000011110000000000101100010011
00000000010000000000111000010011
00000010100000000000001100010011
00000011010000000000111010010011
00000010110000000000011010010011
00000011110000101000101100100011
00000010011000101100101100100011
00000011110100110000101100100011
00000010110100110100101100100011
00000000001010111001001000010011
00000001011000100000011100110011
00000010100001110001011000000011
00000000110000010000000100110011
00000000000110111000101110010011
00000001011111001000110001100011
00000000000000010001000001101111
00001000110000000000111110010011
00000001111100010001111101100011
00000101010000000000000010010011
00000000000000100001000001101111
00000100011000000000000010010011