00000110000100000000100000010011
10000000000000000000011100010011
00000010111110000010000010010011
00000001000001110110001111100011
00000001000001110111011101100011
00001100010110000110010000010011
01000001000001110000110110110011
01000000000111011101110110010011
00000000000011011111110110110011
00000000000000000000111110010011
00000001101111111000101011100011
00000100000010000110010000010011
01000001000001110000110110110011
01000000000111011101110110010011
00000000000011011111110110110011
00000000000000000000111110010011
00000001101111111000101011100011
00000101010000000000000010010011
00000000000000011011000001101111
00000100011000000000000010010011