00000000000000001000111000110111
00000000000000000010010010110111
00000000000000000000001100110111
00000000000000000000110100110111
00000000000000000000001010110111
00000000000000000010110010110111
00000000000000001001100000110111
00000000000000000110011010110111
00000001110101001000111000100011
00000000100001001100010010100011
00000001111001010000001100100011
00000000011101010100110100100011
00000000110001011000001010100011
00000001100001011100110010100011
00000010111001000000100000100011
00000011010001000100011010100011
00000010010001101010000110000011
00000010000010000010100100000011
00000001110011001010101100000011
00000001100000101010100110000011
00000001010011010010000100000011
00000001000000110010101110000011
00000000110001001010110110000011
00000000100011100010010100000011
00000010101011101001001111100011
00000011101101000001001111100011
00000011011111110001001111100011
00000010001000111001001111100011
00000011001101100001001111100011
00000011011011000001001111100011
00000011001001110001001111100011
00000010001110100001001111100011
00000101010000000000000010010011
00000000000000101010000001101111
00000100011000000000000010010011