00000000010000000000110110010011
00000000000000000000000110010011
00000000000000000000011100010011
00000001010000000000101010010011
00000011100000000000110010010011
00000010110000000000110100010011
00000100100000000000100010010011
00000011010000000000101100010011
00000011100100101000101010100011
00000011101000101100101010100011
00000011000100110000101010100011
00000011011000110100101010100011
00000000001001110001010010010011
00000001010101001000011110110011
00000010100001111001010100000011
00000000101000011000000110110011
00000000000101110000011100010011
00000000111011011000110001100011
00000000000000010001000001101111
00001110000000000000111100010011
00000001111000011001111101100011
00000101010000000000000010010011
00000000000000100001000001101111
00000100011000000000000010010011