00000101011000000000101100010011
00000100010100000000100000010011
00000100010110110011110110010011
00000001011010000110001111100011
00000001011010000111011101100011
00001010110010110110110100010011
01000001011010000000011000110011
01000000000001100101011000010011
00000000000001100111011000110011
00000000000000000000101010010011
00000000110010101000101011100011
00000100111110110110110100010011
01000001011010000000011000110011
01000000001001100101011000010011
00000000000001100111011000110011
00000000000000000000101010010011
00000000110010101000101011100011
00000101010000000000000010010011
00000000000000011011000001101111
00000100011000000000000010010011