00000011100100000000010110010011
00001000101000000000100010010011
00001001011000000000011100010011
00000000101110001110001111100011
00000000101110001111011101100011
00001010001101110000001110010011
00000101111001110111001000010011
00000000011100100000001000110011
00000000000000100101001000010011
00010100111100000000011010010011
00000000010001101001110001100011
00000101000101110110001110010011
00000100000001110100001000010011
00000000011100100000001000110011
01000000000000100101001000010011
00011010110100000000011010010011
00000000010001101001110001100011
00000101010000000000000010010011
00000000000000011011000001101111
00000100011000000000000010010011