00000000010000000000110000010011
00000000000000000000001110110011
00000000000000000000111000110011
00000011000000000000000100010011
00000000001000000000011100010011
00000011000000000000011110010011
00000010010000000000101010010011
00000011000000000000101100010011
00000100010000000000100100010011
00000010111100000100000100100011
00000011010100001000000100100011
00000011011000001100000100100011
00000011001000010000000100100011
00000000111011100001111110110011
00000000001011111000001000110011
00000010010000100100010010000011
00000000100100111000001110110011
00000000000111100000111000010011
00000001110011000000110011100011
00000000000000010010000001101111
00001100100000000000100000010011
00000001000000111001111111100011
00000101010000000000000010010011
00000000000000100010000001101111
00000100011000000000000010010011