00000011110100000000000010010011
00000011100100000000011100010011
00000011100100001011111000010011
00000000000101110110001111100011
00000000000101110111011101100011
00001011101100001110001100010011
01000000000101110000111100110011
01000000000111110101111100010011
00000000000011110111111100110011
00000000000000000000110110010011
00000001111011011000101011100011
00001000111100001110001100010011
01000000000101110000111100110011
01000000001111110101111100010011
00000000000011110111111100110011
00000000000000000000110110010011
00000001111011011000101011100011
00000101010000000000000010010011
00000000000000011011000001101111
00000100011000000000000010010011