10000000000000000000011110010011
00000011111000000000101010010011
00000001010101111011111010110011
00000000111110101110001111100011
00000000111110101111011101100011
00000100001101111110111100010011
01000000111110101000001010110011
01000000001100101101001010010011
00000000000000101111001010110011
00000000000000000000100110010011
00000000010110011000101011100011
00001010111101111110111100010011
01000000111110101000001010110011
01000000010000101101001010010011
00000000000000101111001010110011
00000000000000000000100110010011
00000000010110011000101011100011
00000101010000000000000010010011
00000000000000011011000001101111
00000100011000000000000010010011