10000000000000000000101010010011
00000001101000000000111100010011
00000001111010101011111000110011
00000001010111110110001111100011
00000001010111110111011101100011
00000110001010101110001100010011
01000001010111110000100110110011
01000000000010011101100110010011
00000000000010011111100110110011
00000000000000000000101000010011
00000001001110100000101011100011
00001010000110101110001100010011
01000001010111110000100110110011
01000000010010011101100110010011
00000000000010011111100110110011
00000000000000000000101000010011
00000001001110100000101011100011
00000101010000000000000010010011
00000000000000011011000001101111
00000100011000000000000010010011