10000000000000000000101100010011
00000101101100000000100110010011
00000001001110110011011100110011
00000001011010011110001111100011
00000001011010011111011101100011
00001010110010110110001100010011
01000001011010011000101010110011
01000000000110101101101010010011
00000000000010101111101010110011
00000000000000000000010000010011
00000001010101000000101011100011
00000010011110110110001100010011
01000001011010011000101010110011
01000000000010101101101010010011
00000000000010101111101010110011
00000000000000000000010000010011
00000001010101000000101011100011
00000101010000000000000010010011
00000000000000011011000001101111
00000100011000000000000010010011