00001000010000000000011010010011
10000000000000000000001110010011
00111101101001101010110000010011
00000000110100111110001111100011
00000000110100111111011101100011
00001001011001101110111110010011
01000000110100111000010010110011
01000000001001001101010010010011
00000000000001001111010010110011
00000000000000000000010110010011
00000000100101011000101011100011
00000010110101101110111110010011
01000000110100111000010010110011
01000000001101001101010010010011
00000000000001001111010010110011
00000000000000000000010110010011
00000000100101011000101011100011
00000101010000000000000010010011
00000000000000011011000001101111
00000100011000000000000010010011