00000000010000000000110110010011
00000000000000000000000110110011
00000000000000000000100010110011
00000011010000000000010000010011
00000010010000000000100000010011
00000011010000000000110000010011
00000100010000000000010010010011
00000001110000000000000010010011
00000101000000001000010000100011
00000101100000001100010000100011
00000100100100010000010000100011
00000100000100010100010000100011
00000000001010001001101100010011
00000000100010110000011000110011
00000100100001100000001000000011
00000000010000011000000110110011
00000000000110001000100010010011
00000001000111011000110001100011
00000000000000010001000001101111
00001011100000000000111100010011
00000001111000011001111101100011
00000101010000000000000010010011
00000000000000100001000001101111
00000100011000000000000010010011