00000011100100000000000100010011
00000011100000000000100110010011
00000001001100010011110100110011
00000000001010011110001111100011
00000000001010011111011101100011
00000101010000010110111010010011
01000000001010011000100000110011
01000000010010000101100000010011
00000000000010000111100000110011
00000000000000000000110000010011
00000001000011000000101011100011
00000011101100010110111010010011
01000000001010011000100000110011
01000000000110000101100000010011
00000000000010000111100000110011
00000000000000000000110000010011
00000001000011000000001111100011
00000101010000000000000010010011
00000000000000011011000001101111
00000100011000000000000010010011