00000000000000000110100110110111
00000000000000000101101100110111
00000000000000000010010010110111
00000000000000000110010100110111
00000000010100011100100110100011
00000000110000011100101100100011
00000001101000011100010010100011
00000001000100011100010100100011
00000001110001010000100000000011
00000001110001001000010000000011
00000001110010110000011110000011
00000001110010011000001000000011
00000000010000101001101111100011
00000000111101100001101111100011
00000000100011010001101111100011
00000001000010001001101111100011
00000101010000000000000010010011
00000000000000011010000001101111
00000100011000000000000010010011