00000100100000000000010000010011
10000000000000000000011100010011
00000011111001000010111110010011
00000000100001110110001111100011
00000000100001110111011101100011
00001011111101000110100000010011
01000000100001110000010100110011
01000000001101010101010100010011
00000000000001010111010100110011
00000000000000000000000110010011
00000000101000011000101011100011
00000011101001000110100000010011
01000000100001110000010100110011
01000000000101010101010100010011
00000000000001010111010100110011
00000000000000000000000110010011
00000000101000011000101011100011
00000101010000000000000010010011
00000000000000011011000001101111
00000100011000000000000010010011