00000000000000000100001110110111
00000000000000001000011010110111
00000000000000000011100100110111
00000000000000000100010000110111
00000101001101000000001110100011
00000100100101000100011010100011
00000101100001001000100100100011
00000101010001001100010000100011
00000100110001000010100000000011
00000100100010010010000110000011
00000100010001101010100010000011
00000100000000111010111100000011
00000001111010011001101111100011
00000001000101001001101111100011
00000000001111000001101111100011
00000001000010100001101111100011
00000101010000000000000010010011
00000000000000011010000001101111
00000100011000000000000010010011