10000000000000000000110110010011
00001000110100000000001100010011
00000000011011011011010000110011
00000001101100110110001111100011
00000001101100110111011101100011
00000111110111011110011110010011
01000001101100110000011000110011
01000000010001100101011000010011
00000000000001100111011000110011
00000000000000000000111100010011
00000000110011110000101011100011
00001100000111011110011110010011
01000001101100110000011000110011
01000000010001100101011000010011
00000000000001100111011000110011
00000000000000000000111100010011
00000000110011110000101011100011
00000101010000000000000010010011
00000000000000011011000001101111
00000100011000000000000010010011