00001010100100000000100100010011
00001001101000000000001010010011
00001001101010010011101100010011
00000001001000101110001111100011
00000001001000101111011101100011
00000100001110010110000010010011
01000001001000101000101010110011
01000000000010101101101010010011
00000000000010101111101010110011
00000000000000000000110110010011
00000001010111011000101011100011
00000010000110010110000010010011
01000001001000101000101010110011
01000000010010101101101010010011
00000000000010101111101010110011
00000000000000000000110110010011
00000001010111011000101011100011
00000101010000000000000010010011
00000000000000011011000001101111
00000100011000000000000010010011