00000000010000000000100110010011
00000000000000000000110100110011
00000000000000000000110110110011
00000001000000000000101100010011
00000000001000000000110010010011
00000001100000000000111100010011
00000000100000000000000100010011
00000000100000000000000110010011
00000010010000000000010010010011
00000001111000101000101100100011
00000000001000101100101100100011
00000000001100110000101100100011
00000000100100110100101100100011
00000001100111011001011000110011
00000001011001100000111000110011
00000000101010101000111000000011
00000000101011010000110100110011
00000000000111011000110110010011
00000001101110011000110011100011
00000000000000010010000001101111
00000100110000000000101010010011
00000001010111010001111111100011
00000101010000000000000010010011
00000000000000100010000001101111
00000100011000000000000010010011