00000000000000000011001010010111
00000000000000000101011100010111
00000000000000000010101010010111
00000000000000000111111000010111
00000000000000001001000010110111
00000000000000001000011010110111
00000000000000000010011000110111
00000000000000000110000100110111
00000100011001010000001010100011
00000100101101010100011100100011
00000100011101011000101010100011
00000101011101011100111000100011
00000110010001000000000010100011
00000111000101000100011010100011
00000111111101001000011000100011
00000111010001001100000100100011
00000110110000010010111010000011
00000110100001100010111100000011
00000110010001101010110110000011
00000110000000001010110010000011
00000101110011100010100000000011
00000101100010101010100110000011
00000101010001110010000110000011
00000101000000101010010010000011
00000010100100110001001111100011
00000010001101011001001111100011
00000011001100111001001111100011
00000011000010111001001111100011
00000011100100100001001111100011
00000011101110001001001111100011
00000011111011111001001111100011
00000011110110100001001111100011
00000101010000000000000010010011
00000000000000101010000001101111
00000100011000000000000010010011