00000000010000000000010100010011
00000000000000000000011100110011
00000000000000000000110100110011
00000010110000000000100100010011
00000000001000000000110000010011
00000100000000000000000110010011
00000011010000000000001000010011
00000011000000000000001010010011
00000001000000000000101110010011
00000000001100110100100100100011
00000000010000111000100100100011
00000000010100111100100100100011
00000011011100100000100100100011
00000001100011010001011000110011
00000001001001100000001100110011
00000001100110110100001100000011
00000001100101110000011100110011
00000000000111010000110100010011
00000001101001010000110011100011
00000000000000010010000001101111
00001011010000000000100110010011
00000001001101110001111111100011
00000101010000000000000010010011
00000000000000100010000001101111
00000100011000000000000010010011