00000010000000000000110110010011
00000001111100000000010110010011
00000000101111011011100010110011
00000001101101011110001111100011
00000001101101011111011101100011
00000111011011011110111000010011
01000001101101011000001010110011
01000000000000101101001010010011
00000000000000101111001010110011
00000000000000000000111100010011
00000000010111110000101011100011
00000010101111011110111000010011
01000001101101011000001010110011
01000000001000101101001010010011
00000000000000101111001010110011
00000000000000000000111100010011
00000000010111110000001111100011
00000101010000000000000010010011
00000000000000011011000001101111
00000100011000000000000010010011