10000000000000000000001010010011
00001100011100000000101100010011
00000001011000101011110110110011
00000000010110110110001111100011
00000000010110110111011101100011
00000101000000101110110000010011
01000000010110110000000110110011
01000000000000011101000110010011
00000000000000011111000110110011
00000000000000000000010000010011
00000000001101000000101011100011
00001000001000101110110000010011
01000000010110110000000110110011
01000000000000011101000110010011
00000000000000011111000110110011
00000000000000000000010000010011
00000000001101000000101011100011
00000101010000000000000010010011
00000000000000011011000001101111
00000100011000000000000010010011