10000000000000000000010100010011
00000101100000000000011010010011
00000000110101010011001100110011
00000000101001101110001111100011
00000000101001101111011101100011
00001000010101010110100110010011
01000000101001101000001010110011
01000000001000101101001010010011
00000000000000101111001010110011
00000000000000000000000010010011
00000000010100001000101011100011
00001100010001010110100110010011
01000000101001101000001010110011
01000000001000101101001010010011
00000000000000101111001010110011
00000000000000000000000010010011
00000000010100001000101011100011
00000101010000000000000010010011
00000000000000011011000001101111
00000100011000000000000010010011