00000001100100000000111110010011
11111011011000000000111000010011
00001100001000000000010110010011
00000101101100000000000100010011
00000000000100000000101010010011
00000001111111100100010011100011
00000001111111100101100001100011
01000000001001011000000110110011
00000000001001011111001000110011
00000000001100100000001000110011
00000001010100100101001000110011
00000101010000000000001010010011
00000000010000101001110101100011
00000000001001011110000110110011
00000000001001011100001000110011
00000000001100100000001000110011
01000001010100100101001000110011
00001011101000000000001010010011
00000000010000101001110101100011
00000101010000000000000010010011
00000000000000011101000001101111
00000100011000000000000010010011