00001010100100000000100010010011
00001010100000000000101010010011
00000001010110001011101110110011
00000001000110101110001111100011
00000001000110101111011101100011
00000000101110001110011010010011
01000001000110101000111100110011
01000000010011110101111100010011
00000000000011110111111100110011
00000000000000000000101000010011
00000001111010100000101011100011
00000010011010001110011010010011
01000001000110101000111100110011
01000000000011110101111100010011
00000000000011110111111100110011
00000000000000000000101000010011
00000001111010100000001111100011
00000101010000000000000010010011
00000000000000011011000001101111
00000100011000000000000010010011