00000000010000000000000100010011
00000000000000000000101010110011
00000000000000000000011110110011
00000010110000000000010100010011
00000000001000000000110110010011
00000011010000000000111110010011
00000100110000000000101100010011
00000000110000000000001110010011
00000011100000000000111010010011
00000001111100100100010100100011
00000001011000101000010100100011
00000000011100101100010100100011
00000001110100110000010100100011
00000001101101111001110100110011
00000000101011010000011100110011
00000001001010100100011100000011
00000001001010101000101010110011
00000000000101111000011110010011
00000000111100010000110011100011
00000000000000010010000001101111
00001100010000000000010110010011
00000000101110101001111111100011
00000101010000000000000010010011
00000000000000100010000001101111
00000100011000000000000010010011