00000000000000000011111110010111
00000000000000000110100000010111
00000000000000000000010100010111
00000000000000001000111100010111
00000000000000000010000110110111
00000000000000001001101110110111
00000000000000000011001110110111
00000000000000000000011010110111
00000110011001010100111110100011
00000111101001011000100000100011
00000110000101011100010100100011
00001001001001000000111100100011
00001000110001000100000110100011
00001000100101001000101110100011
00001000010101001100001110100011
00001001100001010000011010100011
00001001000001101010111000000011
00001000110000111010110110000011
00001000100010111010111010000011
00001000010000011010110010000011
00001000000011110010100010000011
00000111110001010010011110000011
00000111100010000010010110000011
00000111010011111010101000000011
00000011010000110001001111100011
00000010101111010001001111100011
00000010111100001001001111100011
00000011000110010001001111100011
00000011100101100001001111100011
00000011110101001001001111100011
00000011101100101001001111100011
00000011110011000001001111100011
00000101010000000000000010010011
00000000000000101010000001101111
00000100011000000000000010010011