00001011100000000000100000010011
00001011001000000000100100010011
00000001001010000010111000110011
00000001000010010110001111100011
00000001000010010111011101100011
00000111010110000110010000010011
01000001000010010000010010110011
01000000001101001101010010010011
00000000000001001111010010110011
00000000000000000000101100010011
00000000100110110000101011100011
00000000110010000110010000010011
01000001000010010000010010110011
01000000001101001101010010010011
00000000000001001111010010110011
00000000000000000000101100010011
00000000100110110000101011100011
00000101010000000000000010010011
00000000000000011011000001101111
00000100011000000000000010010011