00000000000000000010110000110111
00000000000000000100001000110111
00000000000000000001111110110111
00000000000000000000010000110111
00000000000000000110100110110111
00000000000000000001111010110111
00000000000000000010110110110111
00000000000000001001011000110111
00000100011001001000110000100011
00000100101101001100001000100011
00000101100101010000111110100011
00000101011101010100010000100011
00000101101001011000100110100011
00000101010001011100111010100011
00000111011001000000110110100011
00000111000101000100011000100011
00000110010001100010101010000011
00000110000011011010001110000011
00000101110011101010011110000011
00000101100010011010011010000011
00000101010001000010100100000011
00000101000011111010111100000011
00000100110000100010001010000011
00000100100011000010000110000011
00000010001100110001001111100011
00000010010101011001001111100011
00000011111011001001001111100011
00000011001010111001001111100011
00000010110111010001001111100011
00000010111110100001001111100011
00000010011110110001001111100011
00000011010110001001001111100011
00000101010000000000000010010011
00000000000000101010000001101111
00000100011000000000000010010011