00000000000000000001100010110111
00000000000000001001011000110111
00000000000000000000101000110111
00000000000000000101001110110111
00000000000000001001110100110111
00000000000000000010010110110111
00000000000000000011110110110111
00000000000000001001101100110111
00000111001001010000100010100011
00000111000001010100011000100011
00000110011001011000101000100011
00000110111101011100001110100011
00001001011101000000110100100011
00001001001101000100010110100011
00001000110101001000110110100011
00001001100101001100101100100011
00001000110010110010111000000011
00001000100011011010010000000011
00001000010001011010011100000011
00001000000011010010111010000011
00000111110000111010010100000011
00000111100010100010101010000011
00000111010001100010000110000011
00000111000010001010110000000011
00000011100010010001001111100011
00000010001110000001001111100011
00000011010100110001001111100011
00000010101001111001001111100011
00000011110110111001001111100011
00000010111010011001001111100011
00000010100001101001001111100011
00000011110011001001001111100011
00000101010000000000000010010011
00000000000000101010000001101111
00000100011000000000000010010011