00000000000000000110001010010111
00000000000000001000110010010111
00000000000000000101010010010111
00000000000000001001011110010111
00000000000000000110111010110111
00000000000000001001000010110111
00000000000000000000111110110111
00000000000000001001000100110111
00000101001001011100001010100011
00000111101001000000110010100011
00000111011101000100010010100011
00000111011001001000011110100011
00000110111001001100111010100011
00000110100001010000000010100011
00000111010001010100111110100011
00000110011001011000000100100011
00000111100000010010100010000011
00000111010011111010100000000011
00000111000000001010000110000011
00000110110011101010001000000011
00000110100001111010011000000011
00000110010001001010101010000011
00000110000011001010010110000011
00000101110000101010011010000011
00000010110110010001001111100011
00000010101111010001001111100011
00000011010110111001001111100011
00000010110010110001001111100011
00000010010001110001001111100011
00000010001101000001001111100011
00000011000010100001001111100011
00000011000100110001001111100011
00000101010000000000000010010011
00000000000000101010000001101111
00000100011000000000000010010011