00001011111100000000111010010011
00000101110000000000010000010011
00000011100100000000011110010011
00000110001000000000100000010011
00000000010000000000101100010011
00000001110101000100010011100011
00000001110101000101100001100011
01000001000001111000001100110011
00000001000001111111000010110011
00000000011000001010000010110011
00000001011000001101000010110011
11111111111100000000000100010011
00000000000100010001110101100011
00000001000001111110001100110011
00000001000001111100000010110011
00000000011000001011000010110011
01000001011000001101000010110011
00000000110100000000000100010011
00000000000100010001110101100011
00000101010000000000000010010011
00000000000000011101000001101111
00000100011000000000000010010011