00000000000000001000001100110111
00000000000000001000101010110111
00000000000000000100101000110111
00000000000000000110001010110111
00000001001001011000001100100011
00000001011101011100101010100011
00000011100001000000101000100011
00000011101101000100001010100011
00000010010000101010100010000011
00000010000010100010111110000011
00000001110010101010110100000011
00000001100000110010010110000011
00000000101110010001101111100011
00000001101010111001101111100011
00000001111111000001101111100011
00000001000111011001101111100011
00000101010000000000000010010011
00000000000000011010000001101111
00000100011000000000000010010011