00000000000000000101010110010111
00000000000000000000110000010111
00000000000000000101001100010111
00000000000000000111011110010111
00000000000000000011011100110111
00000000000000000110010000110111
00000000000000000011111000110111
00000000000000001000001000110111
00000001001101000100010110100011
00000000110001001000110000100011
00000000010101001100001100100011
00000001010001010000011110100011
00000001111001010100011100100011
00000001101101011000010000100011
00000001000001011100111000100011
00000011011001000000001000100011
00000010000000100010111010000011
00000001110011100010000010000011
00000001100001000010111110000011
00000001010001110010001110000011
00000001000001111010110100000011
00000000110000110010000110000011
00000000100011000010101010000011
00000000010001011010010100000011
00000010101010011001001111100011
00000011010101100001001111100011
00000010001100101001001111100011
00000011101010100001001111100011
00000010011111110001001111100011
00000011111111011001001111100011
00000010000110000001001111100011
00000011110110110001001111100011
00000101010000000000000010010011
00000000000000101010000001101111
00000100011000000000000010010011