00000000010000000000001000010011
00000000000000000000000110110011
00000000000000000000010010110011
00000010110000000000101000010011
00000000001000000000010110010011
00000011000000000000100000010011
00000000110000000000111000010011
00000011100000000000110110010011
00000000100000000000001110010011
00000011000000010100101000100011
00000011110000011000101000100011
00000011101100011100101000100011
00000100011100000000101000100011
00000000101101001001001100110011
00000001010000110000000010110011
00000011010000001100111100000011
00000001111000011000000110110011
00000000000101001000010010010011
00000000100100100000110011100011
00000000000000010010000001101111
00000111110000000000100100010011
00000001001000011001111111100011
00000101010000000000000010010011
00000000000000100010000001101111
00000100011000000000000010010011