00001011000000000000100010010011
00000100110100000000001110010011
00001001111100000000001000010011
00000110110000000000101010010011
00000000000100000000010000010011
00000001000100111100010011100011
00000001000100111101100001100011
01000001010100100000001100110011
00000001010100100111011110110011
00000000011001111000011110110011
00000000100001111101011110110011
00000001111100000000011010010011
00000000111101101001110101100011
00000001010100100110001100110011
00000001010100100100011110110011
00000000011001111000011110110011
01000000100001111101011110110011
00001111100100000000011010010011
00000000111101101001110101100011
00000101010000000000000010010011
00000000000000011101000001101111
00000100011000000000000010010011