00000000100100000000100010010011
00000000000100000000110010010011
00000000000100000000010100010011
00000000001100000000101000010011
00000001000100000000011111100011
00000001000101010000100111100011
00000001000110100100101111100011
00000000101011001000001010110011
00000000000001010000110010010011
00000000000000101000010100010011
00000000000110100000101000010011
00000000000000001001000001101111
00000000000000000000001010010011
00000000000000000000001000010011
00000000010100100001111101100011
00000000000100000000001010010011
00000000000100000000011110010011
00000000010101111001111101100011
00000010001000000000111010010011
00000000010111101001100111100011
00000101010000000000000010010011
00000000000000100001000001101111
00000100011000000000000010010011