00000011111100000000000110010011
00000011111000000000011110010011
00000000111100011011100110110011
00000000001101111110001111100011
00000000001101111111011101100011
00000111001000011110110110010011
01000000001101111000110000110011
01000000010011000101110000010011
00000000000011000111110000110011
00000000000000000000011010010011
00000001100001101000101011100011
00000111011000011110110110010011
01000000001101111000110000110011
01000000001111000101110000010011
00000000000011000111110000110011
00000000000000000000011010010011
00000001100001101000001111100011
00000101010000000000000010010011
00000000000000011011000001101111
00000100011000000000000010010011