10000000000000000000100010010011
00000010111000000000110010010011
00000001100110001011110100110011
00000001000111001110001111100011
00000001000111001111011101100011
00000101101110001110100000010011
01000001000111001000101010110011
01000000010010101101101010010011
00000000000010101111101010110011
00000000000000000000100110010011
00000001010110011000101011100011
00001001010010001110100000010011
01000001000111001000101010110011
01000000000110101101101010010011
00000000000010101111101010110011
00000000000000000000100110010011
00000001010110011000101011100011
00000101010000000000000010010011
00000000000000011011000001101111
00000100011000000000000010010011