00000000000000001001011000110111
00000000000000001000010010110111
00000000000000000011001100110111
00000000000000000101100110110111
00000000000000000101110010110111
00000000000000000111111010110111
00000000000000000000011110110111
00000000000000000001010000110111
00000000101001011000011000100011
00000001101001011100010010100011
00000010001001000000001100100011
00000011010001000100100110100011
00000010111001001000110010100011
00000011111101001100111010100011
00000010101101010000011110100011
00000010010001010100010000100011
00000011010001000010110110000011
00000011000001111010001010000011
00000010110011101010110000000011
00000010100011001010101010000011
00000010010010011010101100000011
00000010000000110010001110000011
00000001110001001010011010000011
00000001100001100010101110000011
00000011011101010001001111100011
00000010110111010001001111100011
00000010011100010001001111100011
00000011011010100001001111100011
00000011010101110001001111100011
00000011100011111001001111100011
00000010010101011001001111100011
00000011101100100001001111100011
00000101010000000000000010010011
00000000000000101010000001101111
00000100011000000000000010010011