00000000010000000000110000010011
00000000000000000000001010110011
00000000000000000000111100110011
00000010100000000000111000010011
00000001000000000000101000010011
00000000110000000000001100010011
00000010000000000000000010010011
00000010110000000000001000010011
00000001010000001000111000100011
00000000011000001100111000100011
00000000000100010000111000100011
00000000010000010100111000100011
00000000001011110001000100010011
00000001110000010000010010110011
00000000100001001000011010000011
00000000110100101000001010110011
00000000000111110000111100010011
00000001111011000000110001100011
00000000000000010001000001101111
00000110100000000000101010010011
00000001010100101001111101100011
00000101010000000000000010010011
00000000000000100001000001101111
00000100011000000000000010010011