00000000010000000000000100010011
00000000000000000000010000110011
00000000000000000000011000110011
00000100110000000000010010010011
00001010100000000000001100010011
00000011010000000000111110010011
00000100000000000000000010010011
00000100100000000000101010010011
00000110011001001000010010100011
00000111111101001100010010100011
00000110000101010000010010100011
00000111010101010100010010100011
00000000001001100001111100010011
00000000100111110000101100110011
00000110100010110010101110000011
00000001011101000000010000110011
00000000000101100000011000010011
00000000110000010000110001100011
00000000000000010001000001101111
00010110010000000000001000010011
00000000010001000001111101100011
00000101010000000000000010010011
00000000000000100001000001101111
00000100011000000000000010010011