00001011001100000000111100010011
00000100001000000000000110010011
00000100001011110011000010010011
00000001111000011110001111100011
00000001111000011111011101100011
00001011101011110110010010010011
01000001111000011000110110110011
01000000010011011101110110010011
00000000000011011111110110110011
00000000000000000000101110010011
00000001101110111000101011100011
00001011001111110110010010010011
01000001111000011000110110110011
01000000000111011101110110010011
00000000000011011111110110110011
00000000000000000000101110010011
00000001101110111000101011100011
00000101010000000000000010010011
00000000000000011011000001101111
00000100011000000000000010010011