00000000010000000000010000010011
00000000000000000000010010110011
00000000000000000000111000110011
00000001000000000000100010010011
00000000001000000000110110010011
00000001110000000000001100010011
00000010110000000000101000010011
00000000110000000000110100010011
00000010010000000000100000010011
00000000011000001100100010100011
00000001010000010000100010100011
00000001101000010100100010100011
00000001000000011000100010100011
00000001101111100001000010110011
00000001000100001000110000110011
00000000110011000100101010000011
00000001010101001000010010110011
00000000000111100000111000010011
00000001110001000000110011100011
00000000000000010010000001101111
00000111100000000000111100010011
00000001111001001001111111100011
00000101010000000000000010010011
00000000000000100010000001101111
00000100011000000000000010010011