00000000010000000000110100010011
00000000000000000000001000110011
00000000000000000000011100110011
00000100010000000000011110010011
00000000001000000000111110010011
00000100100000000000110010010011
00000000110000000000000100010011
00000010110000000000010000010011
00000010100000000000101100010011
00000011100100110100011110100011
00000010001000111000011110100011
00000010100000111100011110100011
00000101011000100000011110100011
00000001111101110001111100110011
00000000111111110000110000110011
00000010011010110100110000000011
00000000011000100000001000110011
00000000000101110000011100010011
00000000111011010000110011100011
00000000000000010010000001101111
00001010100000000000011000010011
00000000110000100001111111100011
00000101010000000000000010010011
00000000000000100010000001101111
00000100011000000000000010010011