00000000000000000000001000110111
00000000000000000011101110110111
00000000000000000001100100110111
00000000000000000101111010110111
00000101010101010100001000100011
00000101010001011000101110100011
00000101100101011100100100100011
00000111101001000000111010100011
00000110000011101010001100000011
00000101110010010010001010000011
00000101100010111010011000000011
00000101010000100010010110000011
00000000101110101001101111100011
00000000110010100001101111100011
00000000010111001001101111100011
00000000011011010001101111100011
00000101010000000000000010010011
00000000000000011010000001101111
00000100011000000000000010010011