00001000100000000000001110010011
00001000011100000000100000010011
00000001000000111011110010110011
00000000011110000110001111100011
00000000011110000111011101100011
00001000000100111110001000010011
01000000011110000000110110110011
01000000000011011101110110010011
00000000000011011111110110110011
00000000000000000000101100010011
00000001101110110000101011100011
00000101000000111110001000010011
01000000011110000000110110110011
01000000000111011101110110010011
00000000000011011111110110110011
00000000000000000000101100010011
00000001101110110000001111100011
00000101010000000000000010010011
00000000000000011011000001101111
00000100011000000000000010010011