00001010101100000000101110010011
00001011110100000000110010010011
00000001100110111010101100110011
00000001011111001110001111100011
00000001011111001111011101100011
00001011001110111110110110010011
01000001011111001000001110110011
01000000001100111101001110010011
00000000000000111111001110110011
00000000000000000000011110010011
00000000011101111000101011100011
00000010111010111110110110010011
01000001011111001000001110110011
01000000000100111101001110010011
00000000000000111111001110110011
00000000000000000000011110010011
00000000011101111000101011100011
00000101010000000000000010010011
00000000000000011011000001101111
00000100011000000000000010010011