00000000000000000110011010110111
00000000000000000111100010110111
00000000000000000111101010110111
00000000000000000010111000110111
00000101100101000100011010100011
00000101111101001000100010100011
00000101000001001100101010100011
00000100010101010000111000100011
00000101000011100010001110000011
00000100110010101010101000000011
00000100100010001010011000000011
00000100010001101010111100000011
00000001111011001001101111100011
00000000110011111001101111100011
00000001010010000001101111100011
00000000011100101001101111100011
00000101010000000000000010010011
00000000000000011010000001101111
00000100011000000000000010010011