00000011111000000000001010010011
11111101101100000000001100010011
00000001100100000000000100010011
00001100011100000000100110010011
00000000000000000000111100010011
00000000010100110100010011100011
00000000010100110101100001100011
01000001001100010000101000110011
00000001001100010111101110110011
00000001010010111000101110110011
00000001111010111101101110110011
11110101001100000000101010010011
00000001011110101001110101100011
00000001001100010110101000110011
00000001001100010100101110110011
00000001010010111000101110110011
01000001111010111101101110110011
00011011110100000000101010010011
00000001011110101001110101100011
00000101010000000000000010010011
00000000000000011101000001101111
00000100011000000000000010010011