00000000010000000000111010010011
00000000000000000000001100010011
00000000000000000000100010010011
00000001010000000000001000010011
00000011000000000000110110010011
00000001000000000000001010010011
00000000010000000000011000010011
00000100100000000000010110010011
00000011101100100000001000100011
00000010010100100100001000100011
00000010110000101000001000100011
00000010101100101100001000100011
00000000001010001001000110010011
00000000010000011000110000110011
00000010000011000001101010000011
00000001010100110000001100110011
00000000000110001000100010010011
00000001000111101000110001100011
00000000000000010001000001101111
00001000110000000000101110010011
00000001011100110001111101100011
00000101010000000000000010010011
00000000000000100001000001101111
00000100011000000000000010010011