00000011010100000000100000010011
10000000000000000000000100010011
00100111001010000010010100010011
00000001000000010110001111100011
00000001000000010111011101100011
00001000110010000110100100010011
01000001000000010000111010110011
01000000000111101101111010010011
00000000000011101111111010110011
00000000000000000000100110010011
00000001110110011000101011100011
00001100000110000110100100010011
01000001000000010000111010110011
01000000000111101101111010010011
00000000000011101111111010110011
00000000000000000000100110010011
00000001110110011000101011100011
00000101010000000000000010010011
00000000000000011011000001101111
00000100011000000000000010010011