00000000000000001001101110010111
00000000000000000001001100010111
00000000000000001000001000010111
00000000000000000011100010010111
00000000000000000101001010110111
00000000000000000100111100110111
00000000000000000001010000110111
00000000000000000010000010110111
00000100001001001100101110100011
00000101110101010000001100100011
00000100110001010100001000100011
00000100100101011000100010100011
00000101100001011100001010100011
00000110011101000000111100100011
00000110101001000100010000100011
00000111001001001000000010100011
00000110100000001010011110000011
00000110010001000010110010000011
00000110000011110010101100000011
00000101110000101010110100000011
00000101100010001010110110000011
00000101010000100010010110000011
00000101000000110010011010000011
00000100110010111010101010000011
00000011010100010001001111100011
00000010110111101001001111100011
00000010101101100001001111100011
00000011101101001001001111100011
00000011101011000001001111100011
00000011011000111001001111100011
00000011100101010001001111100011
00000010111110010001001111100011
00000101010000000000000010010011
00000000000000101010000001101111
00000100011000000000000010010011