00000000101000000000001010010011
00000001101000000000000010010011
00000010110100000000100010010011
00000000010100001110001111100011
00000000010100001111011101100011
00000010011110001000000100010011
00000111001010001111010100010011
00000000001001010000010100110011
00000000000101010101010100010011
00000011101000000000000110010011
00000000101000011001110001100011
00001100001110001110000100010011
00001000111110001100010100010011
00000000001001010000010100110011
01000000001101010101010100010011
00000011001000000000000110010011
00000000101000011001110001100011
00000101010000000000000010010011
00000000000000011011000001101111
00000100011000000000000010010011