00000110010100000000110110010011
10000000000000000000100000010011
00000010111011011010111110010011
00000001101110000110001111100011
00000001101110000111011101100011
00001011010011011110101100010011
01000001101110000000110010110011
01000000001111001101110010010011
00000000000011001111110010110011
00000000000000000000001000010011
00000001100100100000101011100011
00001001110111011110101100010011
01000001101110000000110010110011
01000000001111001101110010010011
00000000000011001111110010110011
00000000000000000000001000010011
00000001100100100000101011100011
00000101010000000000000010010011
00000000000000011011000001101111
00000100011000000000000010010011