00000000010000000000001000010011
00000000000000000000011000010011
00000000000000000000010110010011
00000000100000000000100000010011
00000100100000000000000100010011
00000000010000000000100100010011
00000011110000000000010010010011
00000000010000000000101000010011
00000000001000100000100000100011
00000001001000100100100000100011
00000000100100101000100000100011
00000001010000101100100000100011
00000000001001011001011100010011
00000001000001110000111100110011
00000000000011110001101100000011
00000001011001100000011000110011
00000000000101011000010110010011
00000000101100100000110001100011
00000000000000010001000001101111
00001000110000000000001110010011
00000000011101100001111101100011
00000101010000000000000010010011
00000000000000100001000001101111
00000100011000000000000010010011