00000000110100000000011100010011
00000000000100000000100100010011
00000000000100000000010010010011
00000000001100000000000100010011
00000000111000000000011111100011
00000000111001001000100111100011
00000000111000010100101111100011
00000000100110010000110000110011
00000000000001001000100100010011
00000000000011000000010010010011
00000000000100010000000100010011
00000000000000001001000001101111
00000000000000000000110000010011
00000000000000000000111010010011
00000001100011101001111101100011
00000000000100000000110000010011
00000000000100000000000110010011
00000001100000011001111101100011
00001110100100000000011010010011
00000001100001101001100111100011
00000101010000000000000010010011
00000000000000100001000001101111
00000100011000000000000010010011