00000000010100000000111010010011
00000000000100000000111000010011
00000000000100000000010010010011
00000000001100000000101010010011
00000001110100000000011111100011
00000001110101001000100111100011
00000001110110101100101111100011
00000000100111100000100010110011
00000000000001001000111000010011
00000000000010001000010010010011
00000000000110101000101010010011
00000000000000001001000001101111
00000000000000000000100010010011
00000000000000000000100110010011
00000001000110011001111101100011
00000000000100000000100010010011
00000000000100000000001000010011
00000001000100100001111101100011
00000000010100000000111100010011
00000001000111110001100111100011
00000101010000000000000010010011
00000000000000100001000001101111
00000100011000000000000010010011