00000000011000000000111000010011
00000000000100000000001010010011
00000000000100000000010110010011
00000000001100000000101110010011
00000001110000000000011111100011
00000001110001011000100111100011
00000001110010111100101111100011
00000000101100101000110010110011
00000000000001011000001010010011
00000000000011001000010110010011
00000000000110111000101110010011
00000000000000001001000001101111
00000000000000000000110010010011
00000000000000000000001100010011
00000001100100110001111101100011
00000000000100000000110010010011
00000000000100000000010000010011
00000001100101000001111101100011
00000000100000000000101100010011
00000001100110110001100111100011
00000101010000000000000010010011
00000000000000100001000001101111
00000100011000000000000010010011