00001010001000000000101100010011
00001000101100000000001000010011
00001011011000000000111000010011
00000001011000100110001111100011
00000001011000100111011101100011
00000101110111100000100100010011
00000001110111100111010000010011
00000001001001000000010000110011
00000000000101000101010000010011
00001001001100000000111010010011
00000000100011101001110001100011
00000000010011100110100100010011
00001000001011100100010000010011
00000001001001000000010000110011
01000000001101000101010000010011
00000001110100000000111010010011
00000000100011101001110001100011
00000101010000000000000010010011
00000000000000011011000001101111
00000100011000000000000010010011