00000010011100000000000100010011
00001100011100000000111110010011
00000100111000000000101100010011
00000000001011111110001111100011
00000000001011111111011101100011
00000001101110110000111010010011
00000100000010110111111000010011
00000001110111100000111000110011
00000000000111100101111000010011
00000101010000000000010110010011
00000001110001011001110001100011
00000001010010110110111010010011
00001011111010110100111000010011
00000001110111100000111000110011
01000000001011100101111000010011
00000101001100000000010110010011
00000001110001011001110001100011
00000101010000000000000010010011
00000000000000011011000001101111
00000100011000000000000010010011