00000000010000000000001010010011
00000000000000000000110010110011
00000000000000000000111110110011
00000010110000000000000110010011
00000000001000000000010010010011
00000001100000000000100010010011
00000000110000000000110000010011
00000011110000000000110100010011
00000011000000000000111010010011
00000001000100000100000110100011
00000001100000001000000110100011
00000001101000001100000110100011
00000001110100010000000110100011
00000000100111111001001110110011
00000000001100111000111100110011
00000000010011110100000010000011
00000000000111001000110010110011
00000000000111111000111110010011
00000001111100101000110011100011
00000000000000010010000001101111
00001001000000000000100100010011
00000001001011001001111111100011
00000101010000000000000010010011
00000000000000100010000001101111
00000100011000000000000010010011