00000000000000000111101100110111
00000000000000001000010100110111
00000000000000000100010000110111
00000000000000000100101000110111
00000001011101010100101100100011
00000000001001011000010100100011
00000000011101011100010000100011
00000010010101000000101000100011
00000010000010100010110110000011
00000001110001000010010110000011
00000001100001010010011100000011
00000001010010110010110010000011
00000001100110111001101111100011
00000000111000010001101111100011
00000000101100111001101111100011
00000001101100101001101111100011
00000101010000000000000010010011
00000000000000011010000001101111
00000100011000000000000010010011