00000000000000001001101010110111
00000000000000001000110010110111
00000000000000001001111010110111
00000000000000001001001010110111
00000100001101001000101010100011
00000101000001001100110010100011
00000100111101010000111010100011
00000101101001010100001010100011
00000101010000101010011000000011
00000101000011101010011100000011
00000100110011001010110000000011
00000100100010101010101000000011
00000001010000011001101111100011
00000001100010000001101111100011
00000000111001111001101111100011
00000000110011010001101111100011
00000101010000000000000010010011
00000000000000011010000001101111
00000100011000000000000010010011