00000010001100000000111000010011
00000011100100000000001010010011
00000010001100000000000100010011
00000001110000101110001111100011
00000001110000101111011101100011
00000100100100010000011010010011
00001011000000010111100000010011
00000000110110000000100000110011
00000000000010000101100000010011
00001000110000000000111110010011
00000001000011111001110001100011
00000011100000010110011010010011
00000101100000010100100000010011
00000000110110000000100000110011
01000000001110000101100000010011
00000001011000000000111110010011
00000001000011111001110001100011
00000101010000000000000010010011
00000000000000011011000001101111
00000100011000000000000010010011