00000100101100000000010000010011
11111110100000000000011000010011
00000111100100000000101100010011
00000111100100000000100110010011
00000000000100000000111000010011
00000000100001100100010011100011
00000000100001100101100001100011
01000001001110110000111110110011
00000001001110110111100000110011
00000001111110000010100000110011
00000001110010000101100000110011
00000011110000000000110110010011
00000001000011011001110101100011
00000001001110110110111110110011
00000001001110110100100000110011
00000001111110000011100000110011
01000001110010000101100000110011
00000011110000000000110110010011
00000001000011011001110101100011
00000101010000000000000010010011
00000000000000011101000001101111
00000100011000000000000010010011