10000000000000000000000100010011
00000111001000000000110100010011
00000001101000010011110000110011
00000000001011010110001111100011
00000000001011010111011101100011
00000001111000010110100000010011
01000000001011010000011110110011
01000000000001111101011110010011
00000000000001111111011110110011
00000000000000000000100010010011
00000000111110001000101011100011
00001011100000010110100000010011
01000000001011010000011110110011
01000000010001111101011110010011
00000000000001111111011110110011
00000000000000000000100010010011
00000000111110001000101011100011
00000101010000000000000010010011
00000000000000011011000001101111
00000100011000000000000010010011