00000000010000000000110000010011
00000000000000000000111100110011
00000000000000000000000010110011
00000001100000000000011010010011
00000010100000000000111000010011
00000000110000000000000110010011
00000000000000000000100000010011
00000010110000000000001110010011
00000001110001000100011010100011
00000000001101001000011010100011
00000001000001001100011010100011
00000000011101010000011010100011
00000000001000001001100110010011
00000000110110011000001010110011
00000000010000101010100100000011
00000001001011110000111100110011
00000000000100001000000010010011
00000000000111000000110001100011
00000000000000010001000001101111
00000110000000000000010100010011
00000000101011110001111101100011
00000101010000000000000010010011
00000000000000100001000001101111
00000100011000000000000010010011