00001011000100000000110100010011
00000011011100000000101100010011
00000011011111010011000100010011
00000001101010110110001111100011
00000001101010110111011101100011
00000111111011010110001100010011
01000001101010110000001000110011
01000000001100100101001000010011
00000000000000100111001000110011
00000000000000000000011100010011
00000000010001110000101011100011
00001000000011010110001100010011
01000001101010110000001000110011
01000000000100100101001000010011
00000000000000100111001000110011
00000000000000000000011100010011
00000000010001110000101011100011
00000101010000000000000010010011
00000000000000011011000001101111
00000100011000000000000010010011