00000011000100000000101010010011
00000011000000000000010100010011
00000000101010101011101100110011
00000001010101010110001111100011
00000001010101010111011101100011
00001000011110101110111100010011
01000001010101010000110000110011
01000000000111000101110000010011
00000000000011000111110000110011
00000000000000000000001110010011
00000001100000111000101011100011
00001011001110101110111100010011
01000001010101010000110000110011
01000000000011000101110000010011
00000000000011000111110000110011
00000000000000000000001110010011
00000001100000111000001111100011
00000101010000000000000010010011
00000000000000011011000001101111
00000100011000000000000010010011