00000011110100000000110010010011
11111101101000000000100100010011
00000010111100000000110000010011
00001010000000000000110100010011
00000000000100000000111110010011
00000001100110010100010011100011
00000001100110010101100001100011
01000001101011000000001110110011
00000001101011000111111000110011
00000000011111100000111000110011
00000001111111100101111000110011
11111101011100000000000110010011
00000001110000011001110101100011
00000001101011000110001110110011
00000001101011000100111000110011
00000000011111100000111000110011
01000001111111100101111000110011
00001001111100000000000110010011
00000001110000011001110101100011
00000101010000000000000010010011
00000000000000011101000001101111
00000100011000000000000010010011