10000000000000000000111010010011
00000011101000000000111100010011
00000001111011101011100000110011
00000001110111110110001111100011
00000001110111110111011101100011
00000011111111101110010110010011
01000001110111110000001110110011
01000000000000111101001110010011
00000000000000111111001110110011
00000000000000000000101110010011
00000000011110111000101011100011
00000010110011101110010110010011
01000001110111110000001110110011
01000000001000111101001110010011
00000000000000111111001110110011
00000000000000000000101110010011
00000000011110111000101011100011
00000101010000000000000010010011
00000000000000011011000001101111
00000100011000000000000010010011