00000000010000000000110000010011
00000000000000000000111000110011
00000000000000000000101110110011
00000000110000000000010000010011
00000000001000000000011110010011
00000001000000000000111100010011
00000000000000000000001000010011
00000000000000000000100110010011
00000010000000000000100000010011
00000011111000011000010000100011
00000010010000011100010000100011
00000101001100000000010000100011
00000101000000000100010000100011
00000000111110111001101000110011
00000000100010100000111010110011
00000011100011101100000010000011
00000000000111100000111000110011
00000000000110111000101110010011
00000001011111000000110011100011
00000000000000010010000001101111
00000011000000000000011100010011
00000000111011100001111111100011
00000101010000000000000010010011
00000000000000100010000001101111
00000100011000000000000010010011