00000000000000000010011010010111
00000000000000000101101100010111
00000000000000000100101000010111
00000000000000000101110010010111
00000000000000000110001100110111
00000000000000000001011000110111
00000000000000001001010010110111
00000000000000000110100100110111
00000011010101001100011010100011
00000011101101010000101100100011
00000010111001010100101000100011
00000011111001011000110010100011
00000010001001011100001100100011
00000100001101000000011000100011
00000101111101000100010010100011
00000101000101001000100100100011
00000100100010010010001000000011
00000100010001001010010000000011
00000100000001100010010100000011
00000011110000110010111010000011
00000011100011001010110100000011
00000011010010100010100110000011
00000011000010110010110000000011
00000010110001101010100000000011
00000011000010101001001111100011
00000011100011011001001111100011
00000011001101110001001111100011
00000011101011110001001111100011
00000011110100010001001111100011
00000010101000011001001111100011
00000010100011111001001111100011
00000010010010001001001111100011
00000101010000000000000010010011
00000000000000101010000001101111
00000100011000000000000010010011