00000000010000000000100110010011
00000000000000000000010010110011
00000000000000000000111110110011
00000100010000000000000100010011
00000000001000000000110000010011
00000100000000000000001110010011
00000000000000000000111010010011
00000100000000000000011010010011
00000011000000000000101010010011
00000000011100000000000100100011
00000001110100000100000100100011
00000000110100001000000100100011
00000001010100001100000100100011
00000001100011111001101000110011
00000000001010100000100010110011
00000000000010001100011000000011
00000000110001001000010010110011
00000000000111111000111110010011
00000001111110011000110011100011
00000000000000010010000001101111
00001011000000000000011100010011
00000000111001001001111111100011
00000101010000000000000010010011
00000000000000100010000001101111
00000100011000000000000010010011