00000010010000000000100110010011
00010111100000000000101000010011
00000100010100000000101010010011
00111100010000000000101100010011
00011100110100000000101110010011
00011010010100000000110000010011
00000000001000000000110010010011
00011000111000000000110100010011
00010000010000000000110110010011
00000001001110011000100110110011
00000001010010100100101000110011
01000001010110101000101010110011
00000001011010110101101100110011
00000001011110111111101110110011
01000001100011000101110000110011
00000001100111001001110010110011
00000001101011010110110100110011
00000001101111011000110110110011
00000100100000000000000100010011
00000000000000000000000110010011
00000000000000000000001000010011
00000011110000000000001010010011
00011100110100000000001100010011
00000000110100000000001110010011
00000000100000000000010000010011
00011000111000000000010010010011
00100000100000000000010100010011
00000011001100010001010111100011
00000011010000011001010111100011
00000011010100100001010111100011
00000011011000101001010111100011
00000011011100110001010111100011
00000011100000111001010111100011
00000011100101000001010111100011
00000011101001001001010111100011
00000011101101010001010111100011
00000101010000000000000010010011
00000000000000101110000001101111
00000100011000000000000010010011