00000000000000000001010100110111
00000000000000000010101100110111
00000000000000000110010010110111
00000000000000000000111100110111
00000000000000000010010110110111
00000000000000000000011010110111
00000000000000000110001100110111
00000000000000000111110000110111
00000111010101001000010100100011
00000110110001001100101100100011
00000111110101010000010010100011
00000111000101010100111100100011
00000110100001011000010110100011
00000110111001011100011010100011
00001000011101000000001100100011
00001001101001000100110000100011
00001000010011000010000110000011
00001000000000110010111000000011
00000111110001101010100100000011
00000111100001011010100000000011
00000111010011110010000100000011
00000111000001001010001010000011
00000110110010110010110010000011
00000110100001010010100110000011
00000011001110101001001111100011
00000011100101100001001111100011
00000010010111101001001111100011
00000010001010001001001111100011
00000011000001000001001111100011
00000011001001110001001111100011
00000011110000111001001111100011
00000010001111010001001111100011
00000101010000000000000010010011
00000000000000101010000001101111
00000100011000000000000010010011