00001001100000000000111110010011
10000000000000000000110000010011
00100001011011111010010100010011
00000001111111000110001111100011
00000001111111000111011101100011
00001011000111111110110010010011
01000001111111000000000100110011
01000000010000010101000100010011
00000000000000010111000100110011
00000000000000000000011010010011
00000000001001101000101011100011
00000100100111111110110010010011
01000001111111000000000100110011
01000000000100010101000100010011
00000000000000010111000100110011
00000000000000000000011010010011
00000000001001101000101011100011
00000101010000000000000010010011
00000000000000011011000001101111
00000100011000000000000010010011