00000110101100000000110100010011
10000000000000000000101110010011
00011100001011010010111000010011
00000001101010111110001111100011
00000001101010111111011101100011
00000110100011010110010110010011
01000001101010111000011110110011
01000000001101111101011110010011
00000000000001111111011110110011
00000000000000000000100000010011
00000000111110000000101011100011
00001011111011010110010110010011
01000001101010111000011110110011
01000000001001111101011110010011
00000000000001111111011110110011
00000000000000000000100000010011
00000000111110000000101011100011
00000101010000000000000010010011
00000000000000011011000001101111
00000100011000000000000010010011