00000011101000000000101000010011
11111101011100000000001000010011
00000111111000000000001110010011
00000010010100000000001100010011
00000000010000000000110010010011
00000001010000100100010011100011
00000001010000100101100001100011
01000000011000111000010000110011
00000000011000111111011110110011
00001000001101111010011110010011
00000001100101111101011110110011
00000000011100000000100010010011
00000000111110001001110101100011
00000000011000111110010000110011
00000000011000111100011110110011
00000100101001111011011110010011
01000001100101111101011110110011
00000000110100000000100010010011
00000000111110001001110101100011
00000101010000000000000010010011
00000000000000011101000001101111
00000100011000000000000010010011