00000111111000000000101110010011
00000001101100000000111000010011
00000000101100000000101010010011
00000101000000000000100010010011
00000000000000000000101100010011
00000001011111100100010011100011
00000001011111100101100001100011
01000001000110101000011100110011
00000001000110101111110110110011
00001010010111011010110110010011
00000001011011011101110110110011
11111011101100000000101000010011
00000001101110100001110101100011
00000001000110101110011100110011
00000001000110101100110110110011
00000010011111011011110110010011
01000001011011011101110110110011
00001011011000000000101000010011
00000001101110100001110101100011
00000101010000000000000010010011
00000000000000011101000001101111
00000100011000000000000010010011