00000000110100000000010010010011
11111010101000000000001010010011
00000010011000000000100100010011
00001011100000000000111110010011
00000000000000000000000100010011
00000000100100101100010011100011
00000000100100101101100001100011
01000001111110010000001100110011
00000001111110010111011000110011
00000000011001100000011000110011
00000000001001100101011000110011
11111000111000000000100110010011
00000000110010011001110101100011
00000001111110010110001100110011
00000001111110010100011000110011
00000000011001100000011000110011
01000000001001100101011000110011
00010101110000000000100110010011
00000000110010011001110101100011
00000101010000000000000010010011
00000000000000011101000001101111
00000100011000000000000010010011