00000000001100000000100010010011
00000000001000000000101100010011
00000001011010001011000110110011
00000001000110110110001111100011
00000001000110110111011101100011
00001001100010001110100100010011
01000001000110110000001000110011
01000000000100100101001000010011
00000000000000100111001000110011
00000000000000000000010010010011
00000000010001001000101011100011
00000011101010001110100100010011
01000001000110110000001000110011
01000000001100100101001000010011
00000000000000100111001000110011
00000000000000000000010010010011
00000000010001001000001111100011
00000101010000000000000010010011
00000000000000011011000001101111
00000100011000000000000010010011