00000100000100000000011000010011
00000100000000000000101000010011
00000001010001100011110110110011
00000000110010100110001111100011
00000000110010100111011101100011
00000100110101100110000100010011
01000000110010100000001110110011
01000000010000111101001110010011
00000000000000111111001110110011
00000000000000000000111100010011
00000000011111110000101011100011
00000100111101100110000100010011
01000000110010100000001110110011
01000000001000111101001110010011
00000000000000111111001110110011
00000000000000000000111100010011
00000000011111110000001111100011
00000101010000000000000010010011
00000000000000011011000001101111
00000100011000000000000010010011