00000000000000000010101010010111
00000000000000000000010010010111
00000000000000001000001100010111
00000000000000000011110010010111
00000000000000001001011000110111
00000000000000001001110100110111
00000000000000000111101100110111
00000000000000000100110000110111
00000010011101001000101010100011
00000011001101001100010010100011
00000010111001010000001100100011
00000011010001010100110010100011
00000010010101011000011000100011
00000010010001011100110100100011
00000101000101000000101100100011
00000100100001000100110000100011
00000100010011000010000010000011
00000100000010110010100000000011
00000011110011010010111010000011
00000011100001100010000110000011
00000011010011001010011010000011
00000011000000110010100100000011
00000010110001001010010100000011
00000010100010101010000100000011
00000010001000111001001111100011
00000010101010011001001111100011
00000011001001110001001111100011
00000010110110100001001111100011
00000010001100101001001111100011
00000011110100100001001111100011
00000011000010001001001111100011
00000010000101000001001111100011
00000101010000000000000010010011
00000000000000101010000001101111
00000100011000000000000010010011