00000011111100000000011000010011
00001010101100000000101110010011
00000001011101100010000110110011
00000000110010111110001111100011
00000000110010111111011101100011
00000010001001100110101010010011
01000000110010111000110100110011
01000000001111010101110100010011
00000000000011010111110100110011
00000000000000000000100110010011
00000001101010011000101011100011
00000111100001100110101010010011
01000000110010111000110100110011
01000000000111010101110100010011
00000000000011010111110100110011
00000000000000000000100110010011
00000001101010011000101011100011
00000101010000000000000010010011
00000000000000011011000001101111
00000100011000000000000010010011