00001100011000000000011010010011
00000110001100000000001110010011
00000100000000000000001000010011
00000000100000000000111100010011
00000000010000000000110000010011
00000000110100111100010011100011
00000000110100111101100001100011
01000001111000100000101010110011
00000001111000100111000110110011
00000001010100011000000110110011
00000001100000011101000110110011
00000000001100000000110100010011
00000000001111010001110101100011
00000001111000100110101010110011
00000001111000100100000110110011
00000001010100011000000110110011
01000001100000011101000110110011
00000000100100000000110100010011
00000000001111010001110101100011
00000101010000000000000010010011
00000000000000011101000001101111
00000100011000000000000010010011