00000000000000001001100000110111
00000000000000001001011110110111
00000000000000001000010000110111
00000000000000000111010100110111
00000001100001010100100000100011
00000001010001011000011110100011
00000000111001011100010000100011
00000010011101000000010100100011
00000010000001010010010110000011
00000001110001000010101100000011
00000001100001111010001010000011
00000001010010000010110110000011
00000001101111000001101111100011
00000000010110100001101111100011
00000001011001110001101111100011
00000000101100111001101111100011
00000101010000000000000010010011
00000000000000011010000001101111
00000100011000000000000010010011