00000000010000000000011100010011
00000000000000000000011110010011
00000000000000000000000100010011
00000011010000000000100000010011
00000011100000000000111100010011
00000000000000000000011010010011
00000000100000000000111010010011
00000100000000000000001000010011
00000101111000101100100000100011
00000100110100110000100000100011
00000101110100110100100000100011
00000100010000111000100000100011
00000000001000010001010110010011
00000001000001011000111000110011
00000100110011100001010010000011
00000000100101111000011110110011
00000000000100010000000100010011
00000000001001110000110001100011
00000000000000010001000001101111
00001000000000000000110010010011
00000001100101111001111101100011
00000101010000000000000010010011
00000000000000100001000001101111
00000100011000000000000010010011