00000110100100000000100010010011
00000000011000000000111100010011
00001001111100000000001110010011
00000011110000000000000110010011
00000000000000000000100100010011
00000001000111110100010011100011
00000001000111110101100001100011
01000000001100111000010010110011
00000000001100111111011000110011
00000000100101100000011000110011
00000001001001100101011000110011
00000111111100000000010000010011
00000000110001000001110101100011
00000000001100111110010010110011
00000000001100111100011000110011
00000000100101100000011000110011
01000001001001100101011000110011
00010110001000000000010000010011
00000000110001000001110101100011
00000101010000000000000010010011
00000000000000011101000001101111
00000100011000000000000010010011