00000000000000001001100010110111
00000000000000000110111100110111
00000000000000000010010100110111
00000000000000000010110110110111
00000000110001000100100010100011
00000000111101001000111100100011
00000001010101001100010100100011
00000000011001010000110110100011
00000001000011011010000110000011
00000000110001010010110000000011
00000000100011110010111010000011
00000000010010001010100100000011
00000001001001100001101111100011
00000001110101111001101111100011
00000001100010101001101111100011
00000000001100110001101111100011
00000101010000000000000010010011
00000000000000011010000001101111
00000100011000000000000010010011