00000000010000000000000110010011
00000000000000000000000010110011
00000000000000000000010110110011
00000000000000000000011010010011
00000000001000000000110000010011
00000000010000000000001000010011
00000010100000000000110110010011
00000100100000000000111010010011
00000000100000000000101000010011
00000000010000100000011010100011
00000001101100100100011010100011
00000001110100101000011010100011
00000001010000101100011010100011
00000001100001011001010010110011
00000000110101001000100100110011
00000001011110100000100100000011
00000001011100001000000010110011
00000000000101011000010110010011
00000000101100011000110011100011
00000000000000010010000001101111
00000111110000000000111110010011
00000001111100001001111111100011
00000101010000000000000010010011
00000000000000100010000001101111
00000100011000000000000010010011