00000100101000000000100000010011
00000000111100000000010110010011
00001001011000000000100010010011
00000001000001011110001111100011
00000001000001011111011101100011
00000100100010001000110010010011
00001010001110001111001010010011
00000001100100101000001010110011
00000000001100101101001010010011
00000010110000000000110100010011
00000000010111010001110001100011
00001000011010001110110010010011
00000010110110001100001010010011
00000001100100101000001010110011
01000000000000101101001010010011
00010101000100000000110100010011
00000000010111010001110001100011
00000101010000000000000010010011
00000000000000011011000001101111
00000100011000000000000010010011