00001010110000000000011000010011
00000100100100000000000100010011
00000110110100000000111100010011
00000100100100000000010010010011
00000000010000000000001110010011
00000000110000010100010011100011
00000000110000010101100001100011
01000000100111110000011110110011
00000000100111110111010100110011
00001011100001010010010100010011
00000000011101010101010100110011
00000000011000000000100110010011
00000000101010011001110101100011
00000000100111110110011110110011
00000000100111110100010100110011
00001000110001010011010100010011
01000000011101010101010100110011
00000000100100000000100110010011
00000000101010011001110101100011
00000101010000000000000010010011
00000000000000011101000001101111
00000100011000000000000010010011