00000000010000000000011100010011
00000000000000000000100000010011
00000000000000000000010000010011
00000000000000000000111100010011
00000001100000000000000110010011
00000010000000000000110000010011
00000011000000000000001100010011
00000011010000000000101100010011
00000010001100100000111100100011
00000011100000100100111100100011
00000010011000101000111100100011
00000011011000101100111100100011
00000000001001000001001110010011
00000001111000111000110110110011
00000010000011011001001000000011
00000000010010000000100000110011
00000000000101000000010000010011
00000000100001110000110001100011
00000000000000010001000001101111
00001001110000000000100110010011
00000001001110000001111101100011
00000101010000000000000010010011
00000000000000100001000001101111
00000100011000000000000010010011