00001010000100000000000110010011
00000111101000000000001110010011
00001010011000000000010100010011
00000000001100111110001111100011
00000000001100111111011101100011
00001100010001010000110100010011
00000100001101010111001000010011
00000001101000100000001000110011
00000000010000100101001000010011
00000001011000000000101100010011
00000000010010110001110001100011
00001011101001010110110100010011
00000100000001010100001000010011
00000001101000100000001000110011
01000000001000100101001000010011
00000110100100000000101100010011
00000000010010110001110001100011
00000101010000000000000010010011
00000000000000011011000001101111
00000100011000000000000010010011