00000000000000001000111110110111
00000000000000000101110100110111
00000000000000001000001110110111
00000000000000000010011010110111
00000001100000011000111110100011
00000000010100011000110100100011
00000000100000011000001110100011
00000000001100011000011010100011
00000001100001101000011000000011
00000001100000111000111010000011
00000001100011010000100110000011
00000001100011111000101000000011
00000001010011000001101111100011
00000001001100101001101111100011
00000001110101000001101111100011
00000000110000011001101111100011
00000101010000000000000010010011
00000000000000011010000001101111
00000100011000000000000010010011