00000001110100000000011110010011
00000110000100000000000110010011
00000010111100000000011000010011
00000000111100011110001111100011
00000000111100011111011101100011
00000000101001100000001000010011
00001011010101100111000100010011
00000000010000010000000100110011
00000000001000010101000100010011
00000001011100000000110010010011
00000000001011001001110001100011
00000111111101100110001000010011
00000111100101100100000100010011
00000000010000010000000100110011
01000000000000010101000100010011
00001101010100000000110010010011
00000000001011001001110001100011
00000101010000000000000010010011
00000000000000011011000001101111
00000100011000000000000010010011