00000110100000000000111000010011
00000000000100000000111100010011
00000110011100000000110110010011
00000001110011110110001111100011
00000001110011110111011101100011
00001011110011011000110100010011
00000001011111011111101110010011
00000001101010111000101110110011
00000000010010111101101110010011
00000001001000000000111010010011
00000001011111101001110001100011
00000011100011011110110100010011
00000001000011011100101110010011
00000001101010111000101110110011
01000000001010111101101110010011
00000011110100000000111010010011
00000001011111101001110001100011
00000101010000000000000010010011
00000000000000011011000001101111
00000100011000000000000010010011