00000000010000000000100000010011
00000000000000000000010000010011
00000000000000000000110010010011
00000011010000000000011100010011
00000100100000000000110000010011
00000000110000000000100010010011
00000010110000000000101000010011
00000001010000000000110110010011
00000101100000101000011100100011
00000101000100101100011100100011
00000101010000110000011100100011
00000101101100110100011100100011
00000000001011001001111110010011
00000000111011111000100100110011
00000100100010010001010010000011
00000000100101000000010000110011
00000000000111001000110010010011
00000001100110000000110001100011
00000000000000010001000001101111
00001001010000000000001100010011
00000000011001000001111101100011
00000101010000000000000010010011
00000000000000100001000001101111
00000100011000000000000010010011