00001001011100000000101010010011
00001001011000000000010010010011
00000000100110101011110000110011
00000001010101001110001111100011
00000001010101001111011101100011
00000010010010101110001100010011
01000001010101001000100100110011
01000000001010010101100100010011
00000000000010010111100100110011
00000000000000000000011110010011
00000001001001111000101011100011
00000111000010101110001100010011
01000001010101001000100100110011
01000000010010010101100100010011
00000000000010010111100100110011
00000000000000000000011110010011
00000001001001111000001111100011
00000101010000000000000010010011
00000000000000011011000001101111
00000100011000000000000010010011