00000000000000000010111110110111
00000000000000001001100010110111
00000000000000001001111010110111
00000000000000000011011000110111
00000000000000000111101110110111
00000000000000000100110110110111
00000000000000000001010000110111
00000000000000000111000110110111
00000001100101011000111110100011
00000001010001011100100010100011
00000010101101000000111010100011
00000010111001000100011000100011
00000011000001001000101110100011
00000011101001001100110110100011
00000010011001010000010000100011
00000011001101010100000110100011
00000011010000011010101010000011
00000011000001000010011110000011
00000010110011011010011010000011
00000010100010111010001010000011
00000010010001100010111100000011
00000010000011101010000100000011
00000001110010001010001000000011
00000001100011111010001110000011
00000010011111001001001111100011
00000010010010100001001111100011
00000010001001011001001111100011
00000011111001110001001111100011
00000010010110000001001111100011
00000010110111010001001111100011
00000010111100110001001111100011
00000011010110011001001111100011
00000101010000000000000010010011
00000000000000101010000001101111
00000100011000000000000010010011