00001001100000000000111010010011
00000101010100000000100000010011
00000101010111101011000110010011
00000001110110000110001111100011
00000001110110000111011101100011
00000010011011101110101010010011
01000001110110000000110110110011
01000000001011011101110110010011
00000000000011011111110110110011
00000000000000000000011000010011
00000001101101100000101011100011
00001011100011101110101010010011
01000001110110000000110110110011
01000000010011011101110110010011
00000000000011011111110110110011
00000000000000000000011000010011
00000001101101100000101011100011
00000101010000000000000010010011
00000000000000011011000001101111
00000100011000000000000010010011