00001011100000000000111000010011
00000100110100000000100000010011
00000001000011100010010010110011
00000001110010000110001111100011
00000001110010000111011101100011
00000101010111100110011110010011
01000001110010000000111100110011
01000000000011110101111100010011
00000000000011110111111100110011
00000000000000000000000100010011
00000001111000010000101011100011
00001001111111100110011110010011
01000001110010000000111100110011
01000000010011110101111100010011
00000000000011110111111100110011
00000000000000000000000100010011
00000001111000010000101011100011
00000101010000000000000010010011
00000000000000011011000001101111
00000100011000000000000010010011