00000000010000000000100010010011
00000000000000000000010010110011
00000000000000000000000110110011
00000000000000000000110110010011
00000010100000000000110010010011
00000011000000000000001000010011
00000011010000000000010100010011
00000100000000000000101100010011
00000011100101000100110110100011
00000010010001001000110110100011
00000010101001001100110110100011
00000011011001010000110110100011
00000000001000011001011110010011
00000001101101111000100000110011
00000010010010000010111010000011
00000001110101001000010010110011
00000000000100011000000110010011
00000000001110001000110001100011
00000000000000010001000001101111
00001100110000000000011000010011
00000000110001001001111101100011
00000101010000000000000010010011
00000000000000100001000001101111
00000100011000000000000010010011