00000000010000000000010110010011
00000000000000000000010010110011
00000000000000000000100010110011
00000010110000000000111010010011
00000101100000000000110100010011
00000000110000000000110010010011
00000000110000000000101010010011
00000010100000000000111000010011
00000011101001001100111010100011
00000011100101010000111010100011
00000011010101010100111010100011
00000011110001011000111010100011
00000000001010001001010100010011
00000001110101010000101100110011
00000010110010110010010000000011
00000000100001001000010010110011
00000000000110001000100010010011
00000001000101011000110001100011
00000000000000010001000001101111
00001001100000000000000110010011
00000000001101001001111101100011
00000101010000000000000010010011
00000000000000100001000001101111
00000100011000000000000010010011