00000001100100000000011000010011
10000000000000000000101100010011
00011001011001100010011100010011
00000000110010110110001111100011
00000000110010110111011101100011
00001010001001100110001000010011
01000000110010110000001110110011
01000000000000111101001110010011
00000000000000111111001110110011
00000000000000000000011010010011
00000000011101101000101011100011
00001001111101100110001000010011
01000000110010110000001110110011
01000000000000111101001110010011
00000000000000111111001110110011
00000000000000000000011010010011
00000000011101101000101011100011
00000101010000000000000010010011
00000000000000011011000001101111
00000100011000000000000010010011