00000000010000000000001110010011
00000000000100000000111000010011
00000000000100000000100000010011
00000000001100000000101110010011
00000000011100000000011111100011
00000000011110000000100111100011
00000000011110111100101111100011
00000001000011100000001100110011
00000000000010000000111000010011
00000000000000110000100000010011
00000000000110111000101110010011
00000000000000001001000001101111
00000000000000000000001100010011
00000000000000000000101010010011
00000000011010101001111101100011
00000000000100000000001100010011
00000000000100000000111100010011
00000000011011110001111101100011
00000000001100000000111010010011
00000000011011101001100111100011
00000101010000000000000010010011
00000000000000100001000001101111
00000100011000000000000010010011