00001001101000000000101100010011
00000111100100000000011000010011
00000101110000000000010010010011
00000001011001100110001111100011
00000001011001100111011101100011
00000100101001001000001110010011
00001100001001001111001010010011
00000000011100101000001010110011
00000000000100101101001010010011
00000111001100000000010000010011
00000000010101000001110001100011
00000010001101001110001110010011
00001011010101001100001010010011
00000000011100101000001010110011
01000000001100101101001010010011
00000010110100000000010000010011
00000000010101000001110001100011
00000101010000000000000010010011
00000000000000011011000001101111
00000100011000000000000010010011