00000110011100000000101010010011
00000000010000000000011010010011
00001010010100000000010100010011
00001001101100000000010010010011
00000000001100000000001100010011
00000001010101101100010011100011
00000001010101101101100001100011
01000000100101010000101000110011
00000000100101010111111100110011
00001100010011110010111100010011
00000000011011110101111100110011
00000001000100000000110110010011
00000001111011011001110101100011
00000000100101010110101000110011
00000000100101010100111100110011
00001011001011110011111100010011
01000000011011110101111100110011
00000001111100000000110110010011
00000001111011011001110101100011
00000101010000000000000010010011
00000000000000011101000001101111
00000100011000000000000010010011