00000100011000000000000110010011
11111110001100000000101000010011
00000010110100000000111100010011
00001010011100000000011000010011
00000000001000000000101110010011
00000000001110100100010011100011
00000000001110100101100001100011
01000000110011110000001110110011
00000000110011110111001100110011
00000000011100110000001100110011
00000001011100110101001100110011
11111110101000000000010010010011
00000000011001001001110101100011
00000000110011110110001110110011
00000000110011110100001100110011
00000000011100110000001100110011
01000001011100110101001100110011
00000100111000000000010010010011
00000000011001001001110101100011
00000101010000000000000010010011
00000000000000011101000001101111
00000100011000000000000010010011