00001010000000000000010000010011
00000011110100000000101010010011
00000000010000000000000010010011
00001011001000000000100100010011
00000000000100000000110000010011
00000000100010101100010011100011
00000000100010101101100001100011
01000001001000001000111000110011
00000001001000001111001010110011
00000001110000101010001010110011
00000001100000101101001010110011
11111010100100000000110110010011
00000000010111011001110101100011
00000001001000001110111000110011
00000001001000001100001010110011
00000001110000101011001010110011
01000001100000101101001010110011
00001011011000000000110110010011
00000000010111011001110101100011
00000101010000000000000010010011
00000000000000011101000001101111
00000100011000000000000010010011