00000000000000001001010110110111
00000000000000000101010000110111
00000000000000001000100010110111
00000000000000000001000110110111
00000000000000000000001010110111
00000000000000000100011010110111
00000000000000000100101110110111
00000000000000000001111000110111
00000001010101011000010110100011
00000000111001011100010000100011
00000011100101000000100010100011
00000010001001000100000110100011
00000011001001001000001010100011
00000011111101001100011010100011
00000010011001010000101110100011
00000011101001010100111000100011
00000011010011100010111010000011
00000011000010111010010100000011
00000010110001101010101100000011
00000010100000101010100110000011
00000010010000011010100000000011
00000010000010001010011000000011
00000001110001000010001000000011
00000001100001011010011110000011
00000010111110101001001111100011
00000010010001110001001111100011
00000010110011001001001111100011
00000011000000010001001111100011
00000011001110010001001111100011
00000011011011111001001111100011
00000010101000110001001111100011
00000011110111010001001111100011
00000101010000000000000010010011
00000000000000101010000001101111
00000100011000000000000010010011