00000000011000000000101010010011
00000000000100000000110000010011
00000000000100000000110100010011
00000000001100000000011000010011
00000001010100000000011111100011
00000001010111010000100111100011
00000001010101100100101111100011
00000001101011000000000010110011
00000000000011010000110000010011
00000000000000001000110100010011
00000000000101100000011000010011
00000000000000001001000001101111
00000000000000000000000010010011
00000000000000000000100100010011
00000000000110010001111101100011
00000000000100000000000010010011
00000000000100000000001010010011
00000000000100101001111101100011
00000000100000000000010100010011
00000000000101010001100111100011
00000101010000000000000010010011
00000000000000100001000001101111
00000100011000000000000010010011