10000000000000000000011000010011
00001000101100000000100100010011
00000001001001100011110100110011
00000000110010010110001111100011
00000000110010010111011101100011
00001011001101100110110010010011
01000000110010010000000100110011
01000000001100010101000100010011
00000000000000010111000100110011
00000000000000000000010000010011
00000000001001000000101011100011
00000100111101100110110010010011
01000000110010010000000100110011
01000000001000010101000100010011
00000000000000010111000100110011
00000000000000000000010000010011
00000000001001000000101011100011
00000101010000000000000010010011
00000000000000011011000001101111
00000100011000000000000010010011