00000000010000000000011000010011
00000000000000000000110010110011
00000000000000000000001110110011
00000001010000000000110100010011
00001010110000000000001000010011
00000011000000000000001100010011
00000011100000000000111010010011
00000011010000000000000110010011
00000010010001011100110100100011
00000100011001000000110100100011
00000101110101000100110100100011
00000100001101001000110100100011
00000000001000111001100010010011
00000001101010001000011100110011
00000011110001110010100110000011
00000001001111001000110010110011
00000000000100111000001110010011
00000000011101100000110001100011
00000000000000010001000001101111
00010100100000000000010000010011
00000000100011001001111101100011
00000101010000000000000010010011
00000000000000100001000001101111
00000100011000000000000010010011