00000000000100000000111010010011
00000011111000000000011100010011
00000000111011101010001010110011
00000001110101110110001111100011
00000001110101110111011101100011
00001010000011101110011010010011
01000001110101110000001100110011
01000000010000110101001100010011
00000000000000110111001100110011
00000000000000000000001000010011
00000000011000100000101011100011
00000001010011101110011010010011
01000001110101110000001100110011
01000000000100110101001100010011
00000000000000110111001100110011
00000000000000000000001000010011
00000000011000100000101011100011
00000101010000000000000010010011
00000000000000011011000001101111
00000100011000000000000010010011