00000000000000000010101000010111
00000000000000000001001010010111
00000000000000000101111000010111
00000000000000000010000010010111
00000000000000000001101010110111
00000000000000001001000110110111
00000000000000000110010110110111
00000000000000000100010000110111
00000111111001000000101000100011
00000111100001000100001010100011
00000111011101001000111000100011
00000111001001001100000010100011
00000111101101010000101010100011
00000110110101010100000110100011
00000110101001011000010110100011
00000110001001011100010000100011
00000111110001000010001100000011
00000111100001011010100000000011
00000111010000011010100010000011
00000111000010101010011100000011
00000110110000001010010010000011
00000110100011100010101100000011
00000110010000101010110010000011
00000110000010100010110100000011
00000011101011110001001111100011
00000011100111000001001111100011
00000011011010111001001111100011
00000010100110010001001111100011
00000010111011011001001111100011
00000011000101101001001111100011
00000011000001010001001111100011
00000010011000010001001111100011
00000101010000000000000010010011
00000000000000101010000001101111
00000100011000000000000010010011