00000000010000000000111100010011
00000000000000000000011110110011
00000000000000000000101010110011
00000000010000000000101000010011
00000000001000000000010100010011
00000100010000000000010110010011
00000010000000000000110110010011
00000001100000000000011000010011
00000010000000000000110000010011
00000010101100110000101000100011
00000011101100110100101000100011
00000010110000111000101000100011
00000011100000111100101000100011
00000000101010101001101100110011
00000001010010110000001000110011
00000010100010110000001000000011
00000000100001111000011110110011
00000000000110101000101010010011
00000001010111110000110011100011
00000000000000010010000001101111
00001001110000000000100010010011
00000001000101111001111111100011
00000101010000000000000010010011
00000000000000100010000001101111
00000100011000000000000010010011