00000000000000000110111100010111
00000000000000000001001010010111
00000000000000000110110100010111
00000000000000000101001100010111
00000000000000000111110110110111
00000000000000000011110000110111
00000000000000000111000010110111
00000000000000000110010000110111
00000111111101010100111100100011
00000111001001011000001010100011
00000110110101011100110100100011
00001000101001000000001100100011
00001001011001000100110110100011
00001000001101001000110000100011
00001000011101001100000010100011
00001001000001010000010000100011
00001001000001000010100110000011
00001000110000001010110010000011
00001000100011000010111010000011
00001000010011011010111000000011
00001000000000110010101000000011
00000111110011010010001000000011
00000111100000101010100010000011
00000111010011110010101110000011
00000011011111111001001111100011
00000011000110010001001111100011
00000010010001101001001111100011
00000011010001010001001111100011
00000011110010110001001111100011
00000011110100011001001111100011
00000011100100111001001111100011
00000011001110000001001111100011
00000101010000000000000010010011
00000000000000101010000001101111
00000100011000000000000010010011