00000000000000000000110100010111
00000000000000001000111000010111
00000000000000001001010010010111
00000000000000000001101110010111
00000000000000000101100100110111
00000000000000000101001000110111
00000000000000001000001100110111
00000000000000001000001110110111
00000110110001001000110100100011
00000110111101001100111000100011
00000111000101010000010010100011
00000111100101010100101110100011
00000111010001011000100100100011
00000111111101011100001000100011
00001000000101000000001100100011
00001000100001000100001110100011
00001000010000111010001010000011
00001000000000110010110110000011
00000111110000100010110000000011
00000111100010010010010110000011
00000111010010111010011010000011
00000111000001001010100110000011
00000110110011100010000100000011
00000110100011010010010100000011
00000010101001100001001111100011
00000010001001111001001111100011
00000011001110001001001111100011
00000010110111001001001111100011
00000010101110100001001111100011
00000011100011111001001111100011
00000011101100001001001111100011
00000010010101000001001111100011
00000101010000000000000010010011
00000000000000101010000001101111
00000100011000000000000010010011