00000000000000000000010000010111
00000000000000000010001110010111
00000000000000001001100110010111
00000000000000001000000100010111
00000000000000001000101000110111
00000000000000000100110110110111
00000000000000000110000110110111
00000000000000000010110010110111
00000001000001010000010000100011
00000001111001010100001110100011
00000000000101011000100110100011
00000000010101011100000100100011
00000011000101000000101000100011
00000011110101000100110110100011
00000011010101001000000110100011
00000010011001001100110010100011
00000010110011001010010100000011
00000010100000011010010010000011
00000010010011011010011000000011
00000010000010100010110100000011
00000001110000010010100100000011
00000001100010011010010110000011
00000001010000111010001000000011
00000001000001000010011010000011
00000010110110000001001111100011
00000010010011110001001111100011
00000010101100001001001111100011
00000011001000101001001111100011
00000011101010001001001111100011
00000010110011101001001111100011
00000010100110101001001111100011
00000010101000110001001111100011
00000101010000000000000010010011
00000000000000101010000001101111
00000100011000000000000010010011