00000000000000000011111000010111
00000000000000000000110100010111
00000000000000000001011100010111
00000000000000000001000010010111
00000000000000000010111100110111
00000000000000000100110110110111
00000000000000000001100100110111
00000000000000000111000100110111
00000010110101010100111000100011
00000011000001011000110100100011
00000010111101011100011100100011
00000101011001000000000010100011
00000101001101000100111100100011
00000101010001001000110110100011
00000100101001001100100100100011
00000100110001010000000100100011
00000101000000010010010010000011
00000100110010010010001100000011
00000100100011011010101110000011
00000100010011110010110010000011
00000100000000001010001110000011
00000011110001110010010000000011
00000011100011010010001010000011
00000011010011100010100010000011
00000011000101101001001111100011
00000010010110000001001111100011
00000010100001111001001111100011
00000010011110110001001111100011
00000011100110011001001111100011
00000011011110100001001111100011
00000010011001010001001111100011
00000010100101100001001111100011
00000101010000000000000010010011
00000000000000101010000001101111
00000100011000000000000010010011