10000000000000000000100000010011
00000100010100000000101000010011
00000001010010000011001100110011
00000001000010100110001111100011
00000001000010100111011101100011
00000110000110000110111000010011
01000001000010100000010000110011
01000000010001000101010000010011
00000000000001000111010000110011
00000000000000000000010100010011
00000000100001010000101011100011
00000101111110000110111000010011
01000001000010100000010000110011
01000000000101000101010000010011
00000000000001000111010000110011
00000000000000000000010100010011
00000000100001010000101011100011
00000101010000000000000010010011
00000000000000011011000001101111
00000100011000000000000010010011