00000000010000000000010100010011
00000000000000000000110110010011
00000000000000000000100110010011
00000010000000000000011010010011
00000000100000000000011000010011
00000001100000000000001110010011
00000010100000000000010110010011
00000001100000000000101000010011
00000010110000101000011010100011
00000010011100101100011010100011
00000010101100110000011010100011
00000011010000110100011010100011
00000000001010011001111100010011
00000000110111110000101110110011
00000010100010111001110010000011
00000001100111011000110110110011
00000000000110011000100110010011
00000001001101010000110001100011
00000000000000010001000001101111
00000110000000000000111010010011
00000001110111011001111101100011
00000101010000000000000010010011
00000000000000100001000001101111
00000100011000000000000010010011