10000000000000000000001110010011
00000100010000000000010110010011
00000000101100111011001010110011
00000000011101011110001111100011
00000000011101011111011101100011
00001000010000111110111010010011
01000000011101011000011010110011
01000000000001101101011010010011
00000000000001101111011010110011
00000000000000000000111110010011
00000000110111111000101011100011
00000010100100111110111010010011
01000000011101011000011010110011
01000000001001101101011010010011
00000000000001101111011010110011
00000000000000000000111110010011
00000000110111111000101011100011
00000101010000000000000010010011
00000000000000011011000001101111
00000100011000000000000010010011