00000001100000000000111100010011
11111011010100000000101110010011
00001010000100000000001010010011
00000100001100000000110000010011
00000000010000000000100010010011
00000001111010111100010011100011
00000001111010111101100001100011
01000001100000101000101100110011
00000001100000101111001110110011
00000001011000111010001110110011
00000001000100111101001110110011
00000000010100000000111010010011
00000000011111101001110101100011
00000001100000101110101100110011
00000001100000101100001110110011
00000001011000111011001110110011
01000001000100111101001110110011
00000001110000000000111010010011
00000000011111101001110101100011
00000101010000000000000010010011
00000000000000011101000001101111
00000100011000000000000010010011