00000000000000000110111100110111
00000000000000000011100010110111
00000000000000000110100100110111
00000000000000000111011010110111
00000000000000000000001110110111
00000000000000000000110000110111
00000000000000001000010000110111
00000000000000000011110100110111
00000011111101000000111100100011
00000011000001000100100010100011
00000010010001001000100100100011
00000011100101001100011010100011
00000011010001010000001110100011
00000010111101010100110000100011
00000010001101011000010000100011
00000011101101011100110100100011
00000011110011010010011100000011
00000011100001000010000100000011
00000011010011000010101110000011
00000011000000111010010100000011
00000010110001101010010110000011
00000010100010010010011000000011
00000010010010001010001100000011
00000010000011110010101100000011
00000011011011111001001111100011
00000010011010000001001111100011
00000010110000100001001111100011
00000010101111001001001111100011
00000010101010100001001111100011
00000011011101111001001111100011
00000010001000011001001111100011
00000010111011011001001111100011
00000101010000000000000010010011
00000000000000101010000001101111
00000100011000000000000010010011