00000000000000000000011110010011
11111001110100000000111000010011
00000100100100000000000110010011
00001100010100000000100100010011
00000000000100000000001100010011
00000000111111100100010011100011
00000000111111100101100001100011
01000001001000011000011010110011
00000001001000011111110000110011
00000000110111000000110000110011
00000000011011000101110000110011
11111110001000000000010000010011
00000001100001000001110101100011
00000001001000011110011010110011
00000001001000011100110000110011
00000000110111000000110000110011
01000000011011000101110000110011
00001010110000000000010000010011
00000001100001000001110101100011
00000101010000000000000010010011
00000000000000011101000001101111
00000100011000000000000010010011