00001010010100000000101010010011
00001010011100000000000100010011
00000000101100000000111110010011
00000001010100010110001111100011
00000001010100010111011101100011
00001000011111111000010010010011
00000110111111111111001000010011
00000000100100100000001000110011
00000000001000100101001000010011
00000010011100000000010000010011
00000000010001000001110001100011
00000111101011111110010010010011
00000110010011111100001000010011
00000000100100100000001000110011
01000000000100100101001000010011
00000111010100000000010000010011
00000000010001000001110001100011
00000101010000000000000010010011
00000000000000011011000001101111
00000100011000000000000010010011