00000110000000000000110000010011
10000000000000000000111100010011
00010110110111000010011110010011
00000001100011110110001111100011
00000001100011110111011101100011
00001001110011000110100010010011
01000001100011110000010110110011
01000000000101011101010110010011
00000000000001011111010110110011
00000000000000000000100110010011
00000000101110011000101011100011
00000000010011000110100010010011
01000001100011110000010110110011
01000000010001011101010110010011
00000000000001011111010110110011
00000000000000000000100110010011
00000000101110011000101011100011
00000101010000000000000010010011
00000000000000011011000001101111
00000100011000000000000010010011