00001000111100000000111110010011
00000100100100000000001000010011
00000000010011111010110010110011
00000001111100100110001111100011
00000001111100100111011101100011
00001000010111111110000010010011
01000001111100100000100110110011
01000000000010011101100110010011
00000000000010011111100110110011
00000000000000000000100100010011
00000001001110010000101011100011
00001001011111111110000010010011
01000001111100100000100110110011
01000000010010011101100110010011
00000000000010011111100110110011
00000000000000000000100100010011
00000001001110010000101011100011
00000101010000000000000010010011
00000000000000011011000001101111
00000100011000000000000010010011