00000000011100000000100110010011
00000000000100000000010100010011
00000000000100000000100010010011
00000000001100000000111100010011
00000001001100000000011111100011
00000001001110001000100111100011
00000001001111110100101111100011
00000001000101010000110100110011
00000000000010001000010100010011
00000000000011010000100010010011
00000000000111110000111100010011
00000000000000001001000001101111
00000000000000000000110100010011
00000000000000000000000110010011
00000001101000011001111101100011
00000000000100000000110100010011
00000000000100000000010000010011
00000001101001000001111101100011
00000000110100000000111000010011
00000001101011100001100111100011
00000101010000000000000010010011
00000000000000100001000001101111
00000100011000000000000010010011