00001010111000000000111100010011
00000100101100000000110000010011
00000010101100000000110110010011
00000111100000000000111110010011
00000000000100000000011110010011
00000001111011000100010011100011
00000001111011000101100001100011
01000001111111011000011000110011
00000001111111011111000110110011
00001001011100011010000110010011
00000000111100011101000110110011
11111110110100000000100010010011
00000000001110001001110101100011
00000001111111011110011000110011
00000001111111011100000110110011
00000010011100011011000110010011
01000000111100011101000110110011
00000110011100000000100010010011
00000000001110001001110101100011
00000101010000000000000010010011
00000000000000011101000001101111
00000100011000000000000010010011