00001100000100000000010100010011
00001011111000000000001110010011
00001011111001010011111110010011
00000000101000111110001111100011
00000000101000111111011101100011
00000111101001010110010110010011
01000000101000111000110110110011
01000000001011011101110110010011
00000000000011011111110110110011
00000000000000000000110010010011
00000001101111001000101011100011
00001000100001010110010110010011
01000000101000111000110110110011
01000000001111011101110110010011
00000000000011011111110110110011
00000000000000000000110010010011
00000001101111001000101011100011
00000101010000000000000010010011
00000000000000011011000001101111
00000100011000000000000010010011