10000000000000000000001110010011
00000000001100000000010010010011
00000000100100111011110000110011
00000000011101001110001111100011
00000000011101001111011101100011
00000100100000111110010100010011
01000000011101001000001100110011
01000000000100110101001100010011
00000000000000110111001100110011
00000000000000000000101000010011
00000000011010100000101011100011
00000010111000111110010100010011
01000000011101001000001100110011
01000000001000110101001100010011
00000000000000110111001100110011
00000000000000000000101000010011
00000000011010100000101011100011
00000101010000000000000010010011
00000000000000011011000001101111
00000100011000000000000010010011