00000110111000000000110000010011
00000000101100000000001000010011
00000011100100000000000100010011
00000110101100000000001010010011
00000000000100000000110110010011
00000001100000100100010011100011
00000001100000100101100001100011
01000000010100010000100010110011
00000000010100010111010000110011
00000001000101000000010000110011
00000001101101000101010000110011
11111111101100000000100110010011
00000000100010011001110101100011
00000000010100010110100010110011
00000000010100010100010000110011
00000001000101000000010000110011
01000001101101000101010000110011
00000110011000000000100110010011
00000000100010011001110101100011
00000101010000000000000010010011
00000000000000011101000001101111
00000100011000000000000010010011