10000000000000000000111110010011
00000111011000000000100000010011
00000001000011111011001010110011
00000001111110000110001111100011
00000001111110000111011101100011
00000000001111111110010100010011
01000001111110000000100110110011
01000000000110011101100110010011
00000000000010011111100110110011
00000000000000000000001100010011
00000001001100110000101011100011
00000010000111111110010100010011
01000001111110000000100110110011
01000000000110011101100110010011
00000000000010011111100110110011
00000000000000000000001100010011
00000001001100110000101011100011
00000101010000000000000010010011
00000000000000011011000001101111
00000100011000000000000010010011