00000000100000000000101100010011
00000000000100000000011010010011
00000000000100000000100000010011
00000000001100000000100110010011
00000001011000000000011111100011
00000001011010000000100111100011
00000001011010011100101111100011
00000001000001101000000100110011
00000000000010000000011010010011
00000000000000010000100000010011
00000000000110011000100110010011
00000000000000001001000001101111
00000000000000000000000100010011
00000000000000000000101000010011
00000000001010100001111101100011
00000000000100000000000100010011
00000000000100000000010100010011
00000000001001010001111101100011
00000001010100000000001100010011
00000000001000110001100111100011
00000101010000000000000010010011
00000000000000100001000001101111
00000100011000000000000010010011