10000000000000000000101100010011
00001001111100000000110110010011
00000001101110110011010110110011
00000001011011011110001111100011
00000001011011011111011101100011
00001011101010110110100010010011
01000001011011011000011010110011
01000000000001101101011010010011
00000000000001101111011010110011
00000000000000000000000110010011
00000000110100011000101011100011
00000001010010110110100010010011
01000001011011011000011010110011
01000000001101101101011010010011
00000000000001101111011010110011
00000000000000000000000110010011
00000000110100011000101011100011
00000101010000000000000010010011
00000000000000011011000001101111
00000100011000000000000010010011