00000110100000000000010000010011
00000000010100000000110010010011
00001100000100000000100000010011
00001011010100000000011110010011
00000000001000000000110000010011
00000000100011001100010011100011
00000000100011001101100001100011
01000000111110000000101010110011
00000000111110000111011100110011
00000001010101110010011100110011
00000001100001110101011100110011
00000010001100000000001100010011
00000000111000110001110101100011
00000000111110000110101010110011
00000000111110000100011100110011
00000001010101110011011100110011
01000001100001110101011100110011
00000101101000000000001100010011
00000000111000110001110101100011
00000101010000000000000010010011
00000000000000011101000001101111
00000100011000000000000010010011