00000000000000000000101110010011
00000000000100000000100000010011
00000000000100000000111100010011
00000000001100000000110000010011
00000001011100000000011111100011
00000001011111110000100111100011
00000001011111000100101111100011
00000001111010000000011100110011
00000000000011110000100000010011
00000000000001110000111100010011
00000000000111000000110000010011
00000000000000001001000001101111
00000000000000000000011100010011
00000000000000000000100010010011
00000000111010001001111101100011
00000000000100000000011100010011
00000000000100000000110110010011
00000000111011011001111101100011
00000000000000000000100100010011
00000000111010010001100111100011
00000101010000000000000010010011
00000000000000100001000001101111
00000100011000000000000010010011