00000000000000001000110110110111
00000000000000000000111000110111
00000000000000000010111110110111
00000000000000000010110010110111
00000101010101000100110110100011
00000101111001001000111000100011
00000100011001001100111110100011
00000100001101010000110010100011
00000101000011001010011000000011
00000100110011111010011100000011
00000100100011100010010100000011
00000100010011011010001110000011
00000000011110101001101111100011
00000000101011110001101111100011
00000000111000110001101111100011
00000000110000011001101111100011
00000101010000000000000010010011
00000000000000011010000001101111
00000100011000000000000010010011