00001001010000000000110010010011
00000011011100000000110100010011
00000001101011001010001010110011
00000001100111010110001111100011
00000001100111010111011101100011
00000110011011001110101000010011
01000001100111010000111010110011
01000000001011101101111010010011
00000000000011101111111010110011
00000000000000000000010000010011
00000001110101000000101011100011
00000101000011001110101000010011
01000001100111010000111010110011
01000000001111101101111010010011
00000000000011101111111010110011
00000000000000000000010000010011
00000001110101000000101011100011
00000101010000000000000010010011
00000000000000011011000001101111
00000100011000000000000010010011