00000000111000000000110010010011
00000000000100000000101000010011
00000000000100000000000100010011
00000000001100000000000110010011
00000001100100000000011111100011
00000001100100010000100111100011
00000001100100011100101111100011
00000000001010100000011100110011
00000000000000010000101000010011
00000000000001110000000100010011
00000000000100011000000110010011
00000000000000001001000001101111
00000000000000000000011100010011
00000000000000000000111100010011
00000000111011110001111101100011
00000000000100000000011100010011
00000000000100000000100110010011
00000000111010011001111101100011
00010111100100000000111000010011
00000000111011100001100111100011
00000101010000000000000010010011
00000000000000100001000001101111
00000100011000000000000010010011