00000010101000000000010100010011
11111100011100000000010110010011
00001011001100000000010000010011
00000111101000000000001110010011
00000000001000000000000110010011
00000000101001011100010011100011
00000000101001011101100001100011
01000000011101000000010010110011
00000000011101000111101010110011
00000000100110101000101010110011
00000000001110101101101010110011
00000001101000000000110010010011
00000001010111001001110101100011
00000000011101000110010010110011
00000000011101000100101010110011
00000000100110101000101010110011
01000000001110101101101010110011
00000111000100000000110010010011
00000001010111001001110101100011
00000101010000000000000010010011
00000000000000011101000001101111
00000100011000000000000010010011