00000000010000000000101110010011
00000000000000000000111110110011
00000000000000000000010100110011
00000100010000000000000110010011
00000011100000000000110100010011
00000100110000000000101010010011
00000000110000000000101100010011
00000001010000000000011110010011
00000111101001000000000110100011
00000111010101000100000110100011
00000111011001001000000110100011
00000110111101001100000110100011
00000000001001010001111010010011
00000000001111101000000100110011
00000110000000010010001110000011
00000000011111111000111110110011
00000000000101010000010100010011
00000000101010111000110001100011
00000000000000010001000001101111
00001010010000000000101000010011
00000001010011111001111101100011
00000101010000000000000010010011
00000000000000100001000001101111
00000100011000000000000010010011