00000000000000000011001100110111
00000000000000000000111010110111
00000000000000000001010000110111
00000000000000000010001110110111
00000000000000000011110000110111
00000000000000000101111110110111
00000000000000000100100010110111
00000000000000000000110110110111
00000011101001000000001100100011
00000011010001000100111010100011
00000011110001001000010000100011
00000010001101001100001110100011
00000011001101010000110000100011
00000010010001010100111110100011
00000010111001011000100010100011
00000010010101011100110110100011
00000011110011011010011000000011
00000011100010001010011010000011
00000011010011111010100000000011
00000011000011000010000100000011
00000010110000111010101010000011
00000010100001000010110010000011
00000010010011101010100100000011
00000010000000110010010100000011
00000010101011010001001111100011
00000011001010100001001111100011
00000011100111100001001111100011
00000011010100011001001111100011
00000010001010011001001111100011
00000011000000100001001111100011
00000010110101110001001111100011
00000010110000101001001111100011
00000101010000000000000010010011
00000000000000101010000001101111
00000100011000000000000010010011