00000000001000000000111010010011
11111001111100000000010110010011
00001011010000000000100010010011
00000001000100000000000110010011
00000000010000000000001010010011
00000001110101011100010011100011
00000001110101011101100001100011
01000000001110001000010000110011
00000000001110001111011010110011
00000000100001101000011010110011
00000000010101101101011010110011
00000000101100000000110010010011
00000000110111001001110101100011
00000000001110001110010000110011
00000000001110001100011010110011
00000000100001101000011010110011
01000000010101101101011010110011
00000001010100000000110010010011
00000000110111001001110101100011
00000101010000000000000010010011
00000000000000011101000001101111
00000100011000000000000010010011