00000000010000000000000100010011
00000000000000000000101110010011
00000000000000000000010110010011
00000100100000000000010000010011
00000001000000000000010100010011
00000100000000000000101010010011
00000001100000000000111110010011
00000010110000000000100010010011
00000010101000101000010000100011
00000011010100101100010000100011
00000011111100110000010000100011
00000011000100110100010000100011
00000000001001011001000110010011
00000000100000011000111100110011
00000010100011110001001000000011
00000000010010111000101110110011
00000000000101011000010110010011
00000000101100010000110001100011
00000000000000010001000001101111
00001001010000000000011010010011
00000000110110111001111101100011
00000101010000000000000010010011
00000000000000100001000001101111
00000100011000000000000010010011