00000000000000000110111100010111
00000000000000000000010010010111
00000000000000001000101100010111
00000000000000000000110010010111
00000000000000000010100110110111
00000000000000000100101000110111
00000000000000000010000100110111
00000000000000000001001100110111
00000001000101001000111100100011
00000001000001001100010010100011
00000000010101010000101100100011
00000000111101010100110010100011
00000000111001011000100110100011
00000001001001011100101000100011
00000011010101000000000100100011
00000010110001000100001100100011
00000010010000110010011010000011
00000010000000010010110100000011
00000001110010100010000010000011
00000001100010011010010110000011
00000001010011001010110110000011
00000001000010110010110000000011
00000000110001001010111010000011
00000000100011110010001000000011
00000010010010001001001111100011
00000011110110000001001111100011
00000011100000101001001111100011
00000011101101111001001111100011
00000010101101110001001111100011
00000010000110010001001111100011
00000011101010101001001111100011
00000010110101100001001111100011
00000101010000000000000010010011
00000000000000101010000001101111
00000100011000000000000010010011