00001000000100000000001110010011
00000011100100000000001100010011
00000011111100000000000010010011
00000000011100110110001111100011
00000000011100110111011101100011
00001000110000001000111100010011
00000001100100001111101000010011
00000001111010100000101000110011
00000000001010100101101000010011
00000011100100000000011100010011
00000001010001110001110001100011
00000100001100001110111100010011
00000010101100001100101000010011
00000001111010100000101000110011
01000000000110100101101000010011
00000100100100000000011100010011
00000001010001110001110001100011
00000101010000000000000010010011
00000000000000011011000001101111
00000100011000000000000010010011