00000000010000000000001100010011
00000000000100000000110000010011
00000000000100000000011010010011
00000000001100000000101110010011
00000000011000000000011111100011
00000000011001101000100111100011
00000000011010111100101111100011
00000000110111000000101000110011
00000000000001101000110000010011
00000000000010100000011010010011
00000000000110111000101110010011
00000000000000001001000001101111
00000000000000000000101000010011
00000000000000000000111010010011
00000001010011101001111101100011
00000000000100000000101000010011
00000000000100000000110100010011
00000001010011010001111101100011
00000000001100000000000110010011
00000001010000011001100111100011
00000101010000000000000010010011
00000000000000100001000001101111
00000100011000000000000010010011