00000000010000000000101100010011
00000000000000000000110100110011
00000000000000000000111010110011
00000011110000000000100100010011
00000011000000000000010000010011
00000100010000000000000010010011
00000010000000000000001000010011
00000000000000000000110010010011
00000000100000010100100100100011
00000000000100011000100100100011
00000000010000011100100100100011
00000011100100000000100100100011
00000000001011101001111110010011
00000001001011111000101110110011
00000001010010111000011100000011
00000000111011010000110100110011
00000000000111101000111010010011
00000001110110110000110001100011
00000000000000010001000001101111
00001001010000000000100000010011
00000001000011010001111101100011
00000101010000000000000010010011
00000000000000100001000001101111
00000100011000000000000010010011