00000000010000000000010000010011
00000000000000000000110010110011
00000000000000000000101010110011
00000000010000000000111110010011
00000000001000000000101110010011
00000011100000000000001110010011
00000001110000000000111000010011
00000000000000000000101000010011
00000100010000000000010010010011
00000010011100000100111110100011
00000011110000001000111110100011
00000011010000001100111110100011
00000010100100010000111110100011
00000001011110101001111010110011
00000001111111101000100110110011
00000010010010011100010110000011
00000000101111001000110010110011
00000000000110101000101010010011
00000001010101000000110011100011
00000000000000010010000001101111
00001001100000000000001100010011
00000000011011001001111111100011
00000101010000000000000010010011
00000000000000100010000001101111
00000100011000000000000010010011