00000100111000000000010010010011
00000110010100000000010110010011
00001001101100000000111110010011
00000000100101011110001111100011
00000000100101011111011101100011
00001100010111111000100100010011
00001000110111111111011000010011
00000001001001100000011000110011
00000000000001100101011000010011
00011110100100000000001110010011
00000000110000111001110001100011
00001001110011111110100100010011
00000110110011111100011000010011
00000001001001100000011000110011
01000000000001100101011000010011
00011001011000000000001110010011
00000000110000111001110001100011
00000101010000000000000010010011
00000000000000011011000001101111
00000100011000000000000010010011