00000110101100000000110100010011
00000101110100000000000100010011
00000011101100000000101100010011
00000001101000010110001111100011
00000001101000010111011101100011
00001011111110110000100110010011
00000111111110110111110110010011
00000001001111011000110110110011
00000000010011011101110110010011
00000001001100000000010100010011
00000001101101010001110001100011
00001000100110110110100110010011
00000000110010110100110110010011
00000001001111011000110110110011
01000000001011011101110110010011
00000011110000000000010100010011
00000001101101010001110001100011
00000101010000000000000010010011
00000000000000011011000001101111
00000100011000000000000010010011