00000101010100000000101100010011
00000111100000000000011010010011
00000000001100000000001100010011
00000001011001101110001111100011
00000001011001101111011101100011
00001100011000110000111110010011
00000111001100110111000110010011
00000001111100011000000110110011
00000000000100011101000110010011
00000110011000000000001110010011
00000000001100111001110001100011
00001010000100110110111110010011
00000001111100110100000110010011
00000001111100011000000110110011
01000000000000011101000110010011
00001011111100000000001110010011
00000000001100111001110001100011
00000101010000000000000010010011
00000000000000011011000001101111
00000100011000000000000010010011