00001000010100000000101100010011
00000000110000000000001010010011
00000101100000000000110100010011
00000001011000101110001111100011
00000001011000101111011101100011
00001100011111010000010100010011
00001000100111010111111000010011
00000000101011100000111000110011
00000000000111100101111000010011
00001001001100000000010110010011
00000001110001011001110001100011
00000110010111010110010100010011
00000000001111010100111000010011
00000000101011100000111000110011
01000000010011100101111000010011
00000000110100000000010110010011
00000001110001011001110001100011
00000101010000000000000010010011
00000000000000011011000001101111
00000100011000000000000010010011