00001001111000000000111000010011
00001001110100000000110000010011
00000001100011100011010000110011
00000001110011000110001111100011
00000001110011000111011101100011
00000110000011100110011000010011
01000001110011000000000100110011
01000000001100010101000100010011
00000000000000010111000100110011
00000000000000000000011010010011
00000000001001101000101011100011
00000100111111100110011000010011
01000001110011000000000100110011
01000000000000010101000100010011
00000000000000010111000100110011
00000000000000000000011010010011
00000000001001101000001111100011
00000101010000000000000010010011
00000000000000011011000001101111
00000100011000000000000010010011