00000101010100000000101000010011
00000101010000000000100100010011
00000001001010100011001110110011
00000001010010010110001111100011
00000001010010010111011101100011
00000111010010100110000100010011
01000001010010010000111110110011
01000000000011111101111110010011
00000000000011111111111110110011
00000000000000000000110000010011
00000001111111000000101011100011
00000011100110100110000100010011
01000001010010010000111110110011
01000000000111111101111110010011
00000000000011111111111110110011
00000000000000000000110000010011
00000001111111000000001111100011
00000101010000000000000010010011
00000000000000011011000001101111
00000100011000000000000010010011