00000100100100000000011100010011
10000000000000000000100110010011
00110110100001110010011010010011
00000000111010011110001111100011
00000000111010011111011101100011
00000001000001110110010110010011
01000000111010011000111000110011
01000000010011100101111000010011
00000000000011100111111000110011
00000000000000000000100010010011
00000001110010001000101011100011
00000100111001110110010110010011
01000000111010011000111000110011
01000000000011100101111000010011
00000000000011100111111000110011
00000000000000000000100010010011
00000001110010001000101011100011
00000101010000000000000010010011
00000000000000011011000001101111
00000100011000000000000010010011