00000000010000000000001000010011
00000000000000000000100100110011
00000000000000000000011010110011
00000001000000000000100000010011
00000001010000000000010010010011
00000100110000000000000110010011
00000010010000000000100010010011
00000000110000000000111010010011
00000010100100001100100000100011
00000010001100010000100000100011
00000011000100010100100000100011
00000011110100011000100000100011
00000000001001101001001110010011
00000001000000111000000100110011
00000010110000010000010100000011
00000000101010010000100100110011
00000000000101101000011010010011
00000000110100100000110001100011
00000000000000010001000001101111
00001001000000000000111100010011
00000001111010010001111101100011
00000101010000000000000010010011
00000000000000100001000001101111
00000100011000000000000010010011