00000000010000000000010000010011
00000000000000000000001010110011
00000000000000000000000110110011
00000010000000000000111010010011
00000001100000000000010010010011
00000000010000000000101010010011
00000000110000000000001110010011
00000010110000000000110010010011
00000000100100011100111010100011
00000011010100000000111010100011
00000010011100000100111010100011
00000011100100001000111010100011
00000000001000011001010100010011
00000001110101010000011110110011
00000001110001111000101100000011
00000001011000101000001010110011
00000000000100011000000110010011
00000000001101000000110001100011
00000000000000010001000001101111
00000101010000000000011000010011
00000000110000101001111101100011
00000101010000000000000010010011
00000000000000100001000001101111
00000100011000000000000010010011