00000001011000000000111000010011
00000110111000000000111010010011
00000101111000000000010010010011
00000001110011101110001111100011
00000001110011101111011101100011
00001010111101001000011100010011
00000011101001001111010100010011
00000000111001010000010100110011
00000000001001010101010100010011
00000100100100000000101110010011
00000000101010111001110001100011
00001000101001001110011100010011
00000110100101001100010100010011
00000000111001010000010100110011
01000000010001010101010100010011
00000001000100000000101110010011
00000000101010111001110001100011
00000101010000000000000010010011
00000000000000011011000001101111
00000100011000000000000010010011