00000011010100000000001110010011
11111101001000000000100000010011
00001011011100000000101000010011
00000101000000000000111010010011
00000000010000000000111110010011
00000000011110000100010011100011
00000000011110000101100001100011
01000001110110100000010010110011
00000001110110100111001010110011
00000000100100101010001010110011
00000001111100101101001010110011
00000000011100000000110000010011
00000000010111000001110101100011
00000001110110100110010010110011
00000001110110100100001010110011
00000000100100101011001010110011
01000001111100101101001010110011
00000001110100000000110000010011
00000000010111000001110101100011
00000101010000000000000010010011
00000000000000011101000001101111
00000100011000000000000010010011