00000000010000000000101000010011
00000000000000000000001000010011
00000000000000000000101100010011
00000000100000000000111000010011
00000001000000000000111110010011
00000001000000000000110100010011
00000011100000000000011000010011
00000000110000000000111100010011
00000001111100100000111000100011
00000001101000100100111000100011
00000000110000101000111000100011
00000001111000101100111000100011
00000000001010110001010110010011
00000001110001011000100100110011
00000000000010010001100000000011
00000001000000100000001000110011
00000000000110110000101100010011
00000001011010100000110001100011
00000000000000010001000001101111
00000110010000000000001110010011
00000000011100100001111101100011
00000101010000000000000010010011
00000000000000100001000001101111
00000100011000000000000010010011