00000000010000000000011000010011
00000000000000000000101000110011
00000000000000000000000110110011
00000011010000000000100100010011
00000010010000000000000100010011
00000000000000000000100000010011
00000011100000000000011100010011
00000000110000000000111100010011
00000000001000000000100100100011
00000001000000000100100100100011
00000000111000001000100100100011
00000001111000001100100100100011
00000000001000011001111110010011
00000001001011111000011110110011
00000000000001111000111000000011
00000001110010100000101000110011
00000000000100011000000110010011
00000000001101100000110001100011
00000000000000010001000001101111
00000110100000000000001010010011
00000000010110100001111101100011
00000101010000000000000010010011
00000000000000100001000001101111
00000100011000000000000010010011