00000100101000000000100000010011
11111110011100000000110000010011
00001000110100000000001010010011
00001001000000000000100110010011
00000000001100000000101000010011
00000001000011000100010011100011
00000001000011000101100001100011
01000001001100101000111100110011
00000001001100101111000110110011
00000001111000011000000110110011
00000001010000011101000110110011
00000000111100000000011000010011
00000000001101100001110101100011
00000001001100101110111100110011
00000001001100101100000110110011
00000001111000011000000110110011
01000001010000011101000110110011
00000001011100000000011000010011
00000000001101100001110101100011
00000101010000000000000010010011
00000000000000011101000001101111
00000100011000000000000010010011