00001000100000000000110100010011
00001000011100000000110000010011
00000001100011010011100010110011
00000001101011000110001111100011
00000001101011000111011101100011
00001000010111010110000010010011
01000001101011000000001110110011
01000000000000111101001110010011
00000000000000111111001110110011
00000000000000000000001000010011
00000000011100100000101011100011
00000100001111010110000010010011
01000001101011000000001110110011
01000000010000111101001110010011
00000000000000111111001110110011
00000000000000000000001000010011
00000000011100100000001111100011
00000101010000000000000010010011
00000000000000011011000001101111
00000100011000000000000010010011