00000000010000000000100100010011
00000000000000000000001100110011
00000000000000000000110110110011
00000010100000000000110100010011
00000011000000000000100000010011
00000001110000000000111100010011
00000000010000000000010110010011
00000010000000000000000100010011
00000111000001001100110100100011
00000111111001010000110100100011
00000110101101010100110100100011
00000110001001011000110100100011
00000000001011011001100010010011
00000001101010001000001000110011
00000110110000100010000110000011
00000000001100110000001100110011
00000000000111011000110110010011
00000001101110010000110001100011
00000000000000010001000001101111
00000111000000000000101010010011
00000001010100110001111101100011
00000101010000000000000010010011
00000000000000100001000001101111
00000100011000000000000010010011