00000000010000000000000010010011
00000000000000000000101010110011
00000000000000000000101110110011
00000011010000000000111010010011
00000000001000000000010000010011
00000001000000000000100110010011
00000001000000000000001110010011
00000100010000000000100000010011
00000001000000000000110100010011
00000011001100110000111010100011
00000010011100110100111010100011
00000011000000111000111010100011
00000011101000111100111010100011
00000000100010111001101000110011
00000001110110100000111100110011
00000011110010110000111100000011
00000001110010101000101010110011
00000000000110111000101110010011
00000001011100001000110011100011
00000000000000010010000001101111
00000111010000000000100100010011
00000001001010101001111111100011
00000101010000000000000010010011
00000000000000100010000001101111
00000100011000000000000010010011