00000110100000000000000100010011
00001100000100000000010100010011
00000011111100000000000110010011
00000000001001010110001111100011
00000000001001010111011101100011
00001001011100011000001010010011
00001001100100011111111100010011
00000000010111110000111100110011
00000000001011110101111100010011
00000011101100000000000010010011
00000001111000001001110001100011
00000100010100011110001010010011
00000010110000011100111100010011
00000000010111110000111100110011
01000000001111110101111100010011
00000001001000000000000010010011
00000001111000001001110001100011
00000101010000000000000010010011
00000000000000011011000001101111
00000100011000000000000010010011