00000000010000000000111110010011
00000000000000000000110110110011
00000000000000000000010100110011
00000100010000000000000010010011
00000000001000000000100100010011
00000010000000000000111100010011
00000011100000000000011010010011
00000100110000000000011100010011
00000010100000000000000100010011
00000001111000110100000010100011
00000000110100111000000010100011
00000000111000111100000010100011
00000010001000100000000010100011
00000001001001010001010000110011
00000000000101000000111000110011
00000000100110110100111000000011
00000000100111011000110110110011
00000000000101010000010100010011
00000000101011111000110011100011
00000000000000010010000001101111
00001100110000000000000110010011
00000000001111011001111111100011
00000101010000000000000010010011
00000000000000100010000001101111
00000100011000000000000010010011