00000000000000000011001010110111
00000000000000000110011100110111
00000000000000001001011110110111
00000000000000000000001100110111
00000001010100011100001010100011
00000001011100011100011100100011
00000000110000011100011110100011
00000000010000011100001100100011
00000001110000110000100110000011
00000001110001111000010010000011
00000001110001110000101000000011
00000001110000101000110100000011
00000001101010101001101111100011
00000001010010111001101111100011
00000000100101100001101111100011
00000001001100100001101111100011
00000101010000000000000010010011
00000000000000011010000001101111
00000100011000000000000010010011