00000000000000000000110000010111
00000000000000001001001110010111
00000000000000000111100110010111
00000000000000000100001010010111
00000000000000001001100000110111
00000000000000000011111110110111
00000000000000000101011110110111
00000000000000000111100100110111
00000110100101010100110000100011
00000110000101011000001110100011
00000110001101011100100110100011
00001001010101000000001010100011
00001001011101000100100000100011
00001001110001001000111110100011
00001001100101001100011110100011
00001001010001010000100100100011
00001001000010010010100010000011
00001000110001111010101100000011
00001000100011111010110110000011
00001000010010000010010000000011
00001000000000101010011010000011
00000111110010011010001100000011
00000111100000111010000100000011
00000111010011000010110100000011
00000011101001001001001111100011
00000010001000001001001111100011
00000010011000011001001111100011
00000010110110101001001111100011
00000010100010111001001111100011
00000011101111100001001111100011
00000011011011001001001111100011
00000011000110100001001111100011
00000101010000000000000010010011
00000000000000101010000001101111
00000100011000000000000010010011