00000000010000000000100010010011
00000000000000000000000110110011
00000000000000000000101110110011
00000000010000000000010010010011
00000000001000000000011000010011
00000100000000000000000010010011
00000001010000000000101010010011
00000010110000000000001100010011
00000100000000000000110110010011
00000010000100101000010010100011
00000011010100101100010010100011
00000010011000110000010010100011
00000011101100110100010010100011
00000000110010111001111010110011
00000000100111101000011010110011
00000011100110101000011010000011
00000001100100011000000110110011
00000000000110111000101110010011
00000001011110001000110011100011
00000000000000010010000001101111
00001100000000000000111100010011
00000001111000011001111111100011
00000101010000000000000010010011
00000000000000100010000001101111
00000100011000000000000010010011