00000101000000000000101000010011
00000100111100000000010010010011
00000000100110100011000110110011
00000001010001001110001111100011
00000001010001001111011101100011
00001010010110100110011100010011
01000001010001001000101100110011
01000000000010110101101100010011
00000000000010110111101100110011
00000000000000000000111000010011
00000001011011100000101011100011
00000001110010100110011100010011
01000001010001001000101100110011
01000000010010110101101100010011
00000000000010110111101100110011
00000000000000000000111000010011
00000001011011100000001111100011
00000101010000000000000010010011
00000000000000011011000001101111
00000100011000000000000010010011