00000000010000000000001000010011
00000000000000000000111100110011
00000000000000000000100010110011
00000001100000000000000110010011
00001000110000000000101000010011
00000000000000000000110100010011
00000001100000000000101010010011
00000010110000000000111010010011
00000101010001000000000110100011
00000101101001000100000110100011
00000101010101001000000110100011
00000101110101001100000110100011
00000000001010001001111000010011
00000000001111100000001010110011
00000100000000101010110110000011
00000001101111110000111100110011
00000000000110001000100010010011
00000001000100100000110001100011
00000000000000010001000001101111
00001101000000000000011010010011
00000000110111110001111101100011
00000101010000000000000010010011
00000000000000100001000001101111
00000100011000000000000010010011