00000000000000000110101000110111
00000000000000000100101110110111
00000000000000001000000100110111
00000000000000000111011100110111
00000011100000011100101000100011
00000010101000011100101110100011
00000010110100011100000100100011
00000011001100011100011100100011
00000011110001110000000110000011
00000011110000010000010110000011
00000011110010111000100010000011
00000011110010100000110100000011
00000001101011000001101111100011
00000001000101010001101111100011
00000000101101101001101111100011
00000000001110011001101111100011
00000101010000000000000010010011
00000000000000011010000001101111
00000100011000000000000010010011