00000101010000000000100100010011
00000101001100000000010000010011
00000000100010010011110100110011
00000001001001000110001111100011
00000001001001000111011101100011
00000100100110010110001110010011
01000001001001000000110000110011
01000000000011000101110000010011
00000000000011000111110000110011
00000000000000000000100110010011
00000001100010011000101011100011
00001000010110010110001110010011
01000001001001000000110000110011
01000000001011000101110000010011
00000000000011000111110000110011
00000000000000000000100110010011
00000001100010011000001111100011
00000101010000000000000010010011
00000000000000011011000001101111
00000100011000000000000010010011