00000000000000000010000010010111
00000000000000000111010100010111
00000000000000000110001010010111
00000000000000001001000100010111
00000000000000001000110100110111
00000000000000001000100010110111
00000000000000000110011110110111
00000000000000000111110000110111
00000000100001010000000010100011
00000000110001010100010100100011
00000001010001011000001010100011
00000001000001011100000100100011
00000011111101000000110100100011
00000011010101000100100010100011
00000011011001001000011110100011
00000011001001001100110000100011
00000010110011000010011100000011
00000010100001111010110110000011
00000010010010001010010010000011
00000010000011010010011010000011
00000001110000010010010110000011
00000001100000101010110010000011
00000001010001010010001100000011
00000001000000001010101110000011
00000011011101000001001111100011
00000010011001100001001111100011
00000011100110100001001111100011
00000010101110000001001111100011
00000010110111111001001111100011
00000010100110101001001111100011
00000011101110110001001111100011
00000010111010010001001111100011
00000101010000000000000010010011
00000000000000101010000001101111
00000100011000000000000010010011