00000000010100000000101100010011
00000000010000000000000010010011
00000000000110110011100100110011
00000001011000001110001111100011
00000001011000001111011101100011
00001000010110110110001110010011
01000001011000001000011110110011
01000000010001111101011110010011
00000000000001111111011110110011
00000000000000000000001000010011
00000000111100100000101011100011
00000001010110110110001110010011
01000001011000001000011110110011
01000000010001111101011110010011
00000000000001111111011110110011
00000000000000000000001000010011
00000000111100100000001111100011
00000101010000000000000010010011
00000000000000011011000001101111
00000100011000000000000010010011