00000000010000000000011000010011
00000000000000000000010010010011
00000000000000000000110100010011
00000011010000000000110110010011
00000100000000000000011110010011
00000001110000000000100100010011
00000010000000000000111110010011
00000001010000000000000110010011
00000000111100101100110110100011
00000001001000110000110110100011
00000001111100110100110110100011
00000000001100111000110110100011
00000000001011010001111010010011
00000001101111101000011100110011
00000000110001110001111000000011
00000001110001001000010010110011
00000000000111010000110100010011
00000001101001100000110001100011
00000000000000010001000001101111
00001001000000000000011010010011
00000000110101001001111101100011
00000101010000000000000010010011
00000000000000100001000001101111
00000100011000000000000010010011