00000011111100000000100110010011
11111101110000000000111000010011
00001000010000000000010000010011
00000110010100000000011100010011
00000000000100000000001000010011
00000001001111100100010011100011
00000001001111100101100001100011
01000000111001000000111010110011
00000000111001000111101100110011
00000001110110110000101100110011
00000000010010110101101100110011
00000001000100000000110110010011
00000001011011011001110101100011
00000000111001000110111010110011
00000000111001000100101100110011
00000001110110110000101100110011
01000000010010110101101100110011
00001110001100000000110110010011
00000001011011011001110101100011
00000101010000000000000010010011
00000000000000011101000001101111
00000100011000000000000010010011