00000000011000000000110000010011
10000000000000000000010000010011
00001000110011000010111110010011
00000001100001000110001111100011
00000001100001000111011101100011
00000010101011000110000110010011
01000001100001000000101110110011
01000000010010111101101110010011
00000000000010111111101110110011
00000000000000000000000010010011
00000001011100001000101011100011
00000101011111000110000110010011
01000001100001000000101110110011
01000000000110111101101110010011
00000000000010111111101110110011
00000000000000000000000010010011
00000001011100001000101011100011
00000101010000000000000010010011
00000000000000011011000001101111
00000100011000000000000010010011