00000110001100000000011110010011
00000110001000000000011100010011
00000000111001111011100000110011
00000000111101110110001111100011
00000000111101110111011101100011
00001010001101111110001100010011
01000000111101110000100100110011
01000000001010010101100100010011
00000000000010010111100100110011
00000000000000000000011010010011
00000001001001101000101011100011
00000111110001111110001100010011
01000000111101110000100100110011
01000000000110010101100100010011
00000000000010010111100100110011
00000000000000000000011010010011
00000001001001101000001111100011
00000101010000000000000010010011
00000000000000011011000001101111
00000100011000000000000010010011