00000110010000000000101010010011
00001001110000000000111010010011
00001001110010101011011010010011
00000001010111101110001111100011
00000001010111101111011101100011
00000111110110101110100100010011
01000001010111101000001000110011
01000000001000100101001000010011
00000000000000100111001000110011
00000000000000000000000110010011
00000000010000011000101011100011
00001001000110101110100100010011
01000001010111101000001000110011
01000000001100100101001000010011
00000000000000100111001000110011
00000000000000000000000110010011
00000000010000011000101011100011
00000101010000000000000010010011
00000000000000011011000001101111
00000100011000000000000010010011