00000000011000000000110110010011
00010000000000000000001000010011
00000000000000000000010100110011
00000010000000000000100110010011
00000000001001010001000100010011
00000001001100010000010010110011
00000010010001001010111100000011
00000001111000100000001000110011
00000000000101010000010100010011
00000000101011011001001111100011
00010000000000000000110010010011
00000001100100100001101001100011
00000101010000000000000010010011
00000000000000010111000001101111
00000100011000000000000010010011
00000000000000010111000001101111
00101001101000000000000010010011
00000010000101000000000000100011