00000000000000000011111110110111
00000000000000001000010110110111
00000000000000000100000110110111
00000000000000000100111100110111
00000000011001000100111110100011
00000000001001001000010110100011
00000000101001001100000110100011
00000000110001010000111100100011
00000001000011110010010010000011
00000000110000011010110110000011
00000000100001011010011110000011
00000000010011111010001010000011
00000000010100110001101111100011
00000000111100010001101111100011
00000001101101010001101111100011
00000000100101100001101111100011
00000101010000000000000010010011
00000000000000011010000001101111
00000100011000000000000010010011