00000000010000000000011110010011
00000000000000000000110100010011
00000000000000000000101010010011
00000001110000000000101110010011
00000000110000000000000100010011
00000001100000000000100100010011
00000100110000000000100010010011
00000010010000000000100000010011
00000010001000110000101110100011
00000011001000110100101110100011
00000011000100111000101110100011
00000011000000111100101110100011
00000000001010101001101000010011
00000001011110100000010100110011
00000011000001010001011100000011
00000000111011010000110100110011
00000000000110101000101010010011
00000001010101111000110001100011
00000000000000010001000001101111
00001001010000000000111110010011
00000001111111010001111101100011
00000101010000000000000010010011
00000000000000100001000001101111
00000100011000000000000010010011