00000000000000000100100010110111
00000000000000001000011000110111
00000000000000000101111000110111
00000000000000000011010000110111
00000000000000000111110010110111
00000000000000001001101010110111
00000000000000001000111110110111
00000000000000001001011100110111
00000001110101000100100010100011
00000000010101001000011000100011
00000000011101001100111000100011
00000001101101010000010000100011
00000000100101010100110010100011
00000001100001011000101010100011
00000000110101011100111110100011
00000010001001000000011100100011
00000010000001110010100000000011
00000001110011111010100110000011
00000001100010101010101110000011
00000001010011001010101000000011
00000001000001000010010110000011
00000000110011100010100100000011
00000000100001100010111100000011
00000000010010001010011110000011
00000010111111101001001111100011
00000011111000101001001111100011
00000011001000111001001111100011
00000010101111011001001111100011
00000011010001001001001111100011
00000011011111000001001111100011
00000011001101101001001111100011
00000011000000010001001111100011
00000101010000000000000010010011
00000000000000101010000001101111
00000100011000000000000010010011