00000110101100000000000010010011
00000000100000000000101010010011
00000010000100000000110010010011
00000011001100000000000110010011
00000000001000000000011110010011
00000000000110101100010011100011
00000000000110101101100001100011
01000000001111001000001010110011
00000000001111001111100110110011
00000000010110011000100110110011
00000000111110011101100110110011
00000000001100000000011100010011
00000001001101110001110101100011
00000000001111001110001010110011
00000000001111001100100110110011
00000000010110011000100110110011
01000000111110011101100110110011
00000001000100000000011100010011
00000001001101110001110101100011
00000101010000000000000010010011
00000000000000011101000001101111
00000100011000000000000010010011