00000000010000000000001000010011
00000000000000000000101010110011
00000000000000000000011000110011
00000001010000000000110010010011
00000001010000000000001010010011
00000000000000000000111110010011
00000000110000000000001100010011
00000000110000000000111010010011
00000000010100010100110010100011
00000001111100011000110010100011
00000000011000011100110010100011
00000011110100000000110010100011
00000000001001100001000010010011
00000001100100001000000110110011
00000001010000011000010000000011
00000000100010101000101010110011
00000000000101100000011000010011
00000000110000100000110001100011
00000000000000010001000001101111
00000010110000000000111100010011
00000001111010101001111101100011
00000101010000000000000010010011
00000000000000100001000001101111
00000100011000000000000010010011