00000000010000000000111100010011
00000000000000000000100100110011
00000000000000000000110010110011
00000010010000000000010000010011
00001001100000000000111010010011
00000001010000000000110000010011
00000001110000000000010110010011
00000011100000000000100010010011
00000001110101001100010000100011
00000001100001010000010000100011
00000000101101010100010000100011
00000001000101011000010000100011
00000000001011001001001100010011
00000000100000110000101000110011
00000000110010100010011110000011
00000000111110010000100100110011
00000000000111001000110010010011
00000001100111110000110001100011
00000000000000010001000001101111
00010000000000000000001000010011
00000000010010010001111101100011
00000101010000000000000010010011
00000000000000100001000001101111
00000100011000000000000010010011