00000000010000000000101100010011
00000000000000000000001110110011
00000000000000000000100010110011
00000001110000000000111100010011
00000000010000000000101000010011
00000011100000000000111000010011
00000000110000000000001100010011
00000100010000000000011010010011
00000011010000001100111100100011
00000011110000010000111100100011
00000010011000010100111100100011
00000010110100011000111100100011
00000000001010001001010010010011
00000001111001001000110000110011
00000010110011000000100100000011
00000001001000111000001110110011
00000000000110001000100010010011
00000001000110110000110001100011
00000000000000010001000001101111
00001000110000000000110100010011
00000001101000111001111101100011
00000101010000000000000010010011
00000000000000100001000001101111
00000100011000000000000010010011