00001010010000000000011100010011
00001010001100000000100110010011
00000001001101110011011110110011
00000000111010011110001111100011
00000000111010011111011101100011
00001100001101110110111000010011
01000000111010011000001100110011
01000000010000110101001100010011
00000000000000110111001100110011
00000000000000000000001000010011
00000000011000100000101011100011
00001001000101110110111000010011
01000000111010011000001100110011
01000000000100110101001100010011
00000000000000110111001100110011
00000000000000000000001000010011
00000000011000100000001111100011
00000101010000000000000010010011
00000000000000011011000001101111
00000100011000000000000010010011