00000000000000000000111010110111
00000000000000000110111110110111
00000000000000000000010000110111
00000000000000000010010110110111
00000111010101000000111010100011
00000110001101000100111110100011
00000111100101001000010000100011
00000111010001001100010110100011
00000110110001011010001100000011
00000110100001000010111000000011
00000110010011111010011010000011
00000110000011101010010100000011
00000000101010101001101111100011
00000000110100011001101111100011
00000001110011001001101111100011
00000000011010100001101111100011
00000101010000000000000010010011
00000000000000011010000001101111
00000100011000000000000010010011