00001100000000000000100100010011
00000101110100000000101010010011
00001001010000000000000010010011
00001100001100000000000100010011
00000000000100000000010010010011
00000001001010101100010011100011
00000001001010101101100001100011
01000000001000001000011100110011
00000000001000001111011000110011
00000000111001100000011000110011
00000000100101100101011000110011
00000010100000000000100110010011
00000000110010011001110101100011
00000000001000001110011100110011
00000000001000001100011000110011
00000000111001100000011000110011
01000000100101100101011000110011
00001001011100000000100110010011
00000000110010011001110101100011
00000101010000000000000010010011
00000000000000011101000001101111
00000100011000000000000010010011