00000101000100000000000100010011
11111110111000000000110110010011
00001010001100000000011000010011
00000110101000000000011110010011
00000000010000000000001110010011
00000000001011011100010011100011
00000000001011011101100001100011
01000000111101100000011010110011
00000000111101100111100100110011
00000000110110010000100100110011
00000000011110010101100100110011
00000000010100000000101000010011
00000001001010100001110101100011
00000000111101100110011010110011
00000000111101100100100100110011
00000000110110010000100100110011
01000000011110010101100100110011
00000001101100000000101000010011
00000001001010100001110101100011
00000101010000000000000010010011
00000000000000011101000001101111
00000100011000000000000010010011