00000111000100000000100010010011
00000000111000000000010100010011
00000110000100000000100000010011
00000001011000000000010010010011
00000000001000000000011000010011
00000001000101010100010011100011
00000001000101010101100001100011
01000000100110000000110000110011
00000000100110000111000100110011
00000000101100010010000100010011
00000000110000010101000100110011
00000001001000000000110100010011
00000000001011010001110101100011
00000000100110000110110000110011
00000000100110000100000100110011
00000001010000010011000100010011
01000000110000010101000100110011
00000011101100000000110100010011
00000000001011010001110101100011
00000101010000000000000010010011
00000000000000011101000001101111
00000100011000000000000010010011