00000111011100000000101100010011
00000001010000000000100010010011
00000010101100000000101110010011
00000010100100000000101000010011
00000000000100000000011110010011
00000001011010001100010011100011
00000001011010001101100001100011
01000001010010111000110110110011
00000001010010111111011000110011
00000001101101100000011000110011
00000000111101100101011000110011
00000001010100000000110100010011
00000000110011010001110101100011
00000001010010111110110110110011
00000001010010111100011000110011
00000001101101100000011000110011
01000000111101100101011000110011
00000001011000000000110100010011
00000000110011010001110101100011
00000101010000000000000010010011
00000000000000011101000001101111
00000100011000000000000010010011