00000000010000000000010100010011
00000000000000000000101100110011
00000000000000000000111010110011
00000100000000000000110010010011
00000000001000000000000010010011
00000000100000000000011010010011
00000100000000000000111100010011
00000001000000000000000110010011
00000000100000000000010010010011
00000000110100101100110010100011
00000001111000110000110010100011
00000000001100110100110010100011
00000000100100111000110010100011
00000000000111101001101110110011
00000001100110111000001110110011
00000000100010101100001110000011
00000000100010110000101100110011
00000000000111101000111010010011
00000001110101010000110011100011
00000000000000010010000001101111
00000110000000000000101000010011
00000001010010110001111111100011
00000101010000000000000010010011
00000000000000100010000001101111
00000100011000000000000010010011