00000000000000000000011110010011
11111001110100000000010110010011
00000010001100000000100110010011
00000001111000000000110110010011
00000000010000000000100010010011
00000000111101011100010011100011
00000000111101011101100001100011
01000001101110011000101100110011
00000001101110011111001110110011
00000001011000111000001110110011
00000001000100111101001110110011
00000000000000000000101000010011
00000000011110100001110101100011
00000001101110011110101100110011
00000001101110011100001110110011
00000001011000111000001110110011
01000001000100111101001110110011
00000000011100000000101000010011
00000000011110100001110101100011
00000101010000000000000010010011
00000000000000011101000001101111
00000100011000000000000010010011