00000110110000000000000110010011
00001010110100000000100100010011
00000101011100000000100000010011
00000000001110010110001111100011
00000000001110010111011101100011
00000100100110000000001010010011
00001011000010000111010100010011
00000000010101010000010100110011
00000000000101010101010100010011
00000101100000000000100010010011
00000000101010001001110001100011
00001010110110000110001010010011
00000100000010000100010100010011
00000000010101010000010100110011
01000000000001010101010100010011
00010001011000000000100010010011
00000000101010001001110001100011
00000101010000000000000010010011
00000000000000011011000001101111
00000100011000000000000010010011