00000010110000000000001110010011
00000101100000000000111110010011
00000001111100111010100110110011
00000000011111111110001111100011
00000000011111111111011101100011
00001010101000111110111100010011
01000000011111111000101100110011
01000000010010110101101100010011
00000000000010110111101100110011
00000000000000000000110100010011
00000001011011010000101011100011
00000010010000111110111100010011
01000000011111111000101100110011
01000000001010110101101100010011
00000000000010110111101100110011
00000000000000000000110100010011
00000001011011010000101011100011
00000101010000000000000010010011
00000000000000011011000001101111
00000100011000000000000010010011