00000000000000000110111000010111
00000000000000000011110000010111
00000000000000000100101010010111
00000000000000000100011110010111
00000000000000000110101110110111
00000000000000000010001100110111
00000000000000001001010010110111
00000000000000001001010110110111
00000000001001011000111000100011
00000000010001011100110000100011
00000010110101000000101010100011
00000010111001000100011110100011
00000011101001001000101110100011
00000010000101001100001100100011
00000011111101010000010010100011
00000010100001010100010110100011
00000011010001011010111010000011
00000011000001001010001010000011
00000010110000110010101000000011
00000010100010111010110010000011
00000010010001111010100000000011
00000010000010101010101100000011
00000001110011000010100010000011
00000001100011100010010100000011
00000010101000010001001111100011
00000011000100100001001111100011
00000011011001101001001111100011
00000011000001110001001111100011
00000011100111010001001111100011
00000011010000001001001111100011
00000010010111111001001111100011
00000011110101000001001111100011
00000101010000000000000010010011
00000000000000101010000001101111
00000100011000000000000010010011