00000100111100000000100110010011
00001001110100000000011010010011
00001001110110011011111110010011
00000001001101101110001111100011
00000001001101101111011101100011
00001011010010011110011110010011
01000001001101101000001100110011
01000000001100110101001100010011
00000000000000110111001100110011
00000000000000000000001010010011
00000000011000101000101011100011
00000001111110011110011110010011
01000001001101101000001100110011
01000000010000110101001100010011
00000000000000110111001100110011
00000000000000000000001010010011
00000000011000101000101011100011
00000101010000000000000010010011
00000000000000011011000001101111
00000100011000000000000010010011