00000000010000000000110100010011
00000000000000000000001100110011
00000000000000000000110010110011
00000100110000000000000110010011
00000010010000000000010100010011
00000011010000000000110000010011
00000011010000000000100110010011
00000011110000000000100010010011
00000100101000001100000110100011
00000101100000010000000110100011
00000101001100010100000110100011
00000101000100011000000110100011
00000000001011001001110110010011
00000000001111011000100100110011
00000100110010010000011000000011
00000000110000110000001100110011
00000000000111001000110010010011
00000001100111010000110001100011
00000000000000010001000001101111
00001100100000000000101000010011
00000001010000110001111101100011
00000101010000000000000010010011
00000000000000100001000001101111
00000100011000000000000010010011