00000011110000000000010100010011
00000111110100000000011100010011
00000111110101010011101100010011
00000000101001110110001111100011
00000000101001110111011101100011
00000111101001010110100100010011
01000000101001110000011110110011
01000000001101111101011110010011
00000000000001111111011110110011
00000000000000000000111000010011
00000000111111100000101011100011
00001000000001010110100100010011
01000000101001110000011110110011
01000000000001111101011110010011
00000000000001111111011110110011
00000000000000000000111000010011
00000000111111100000101011100011
00000101010000000000000010010011
00000000000000011011000001101111
00000100011000000000000010010011