00000000010000000000101000010011
00000000000000000000000110110011
00000000000000000000000010110011
00000010100000000000101010010011
00000000001000000000001010010011
00000100110000000000110110010011
00000001100000000000111000010011
00000100100000000000111100010011
00000011000000000000000100010011
00000001101100110000101010100011
00000001110000110100101010100011
00000001111000111000101010100011
00000000001000111100101010100011
00000000010100001001010100110011
00000001010101010000110000110011
00000000101110110000110000000011
00000000101100011000000110110011
00000000000100001000000010010011
00000000000110100000110011100011
00000000000000010010000001101111
00001101110000000000001100010011
00000000011000011001111111100011
00000101010000000000000010010011
00000000000000100010000001101111
00000100011000000000000010010011