00000000010000000000101100010011
00000000000000000000111010110011
00000000000000000000010010110011
00000010000000000000111110010011
00000000001000000000000010010011
00000000010000000000011010010011
00000001010000000000111100010011
00000000100000000000011110010011
00000011000000000000110100010011
00000100110100000100111110100011
00000101111000001000111110100011
00000100111100001100111110100011
00000101101000010000111110100011
00000000000101001001000100110011
00000001111100010000011100110011
00000100010001110100101110000011
00000001011111101000111010110011
00000000000101001000010010010011
00000000100110110000110011100011
00000000000000010010000001101111
00000101000000000000101000010011
00000001010011101001111111100011
00000101010000000000000010010011
00000000000000100010000001101111
00000100011000000000000010010011