00001001010000000000000110010011
00001001001100000000011110010011
00000000111100011011001010110011
00000000001101111110001111100011
00000000001101111111011101100011
00000000011000011110100110010011
01000000001101111000010100110011
01000000010001010101010100010011
00000000000001010111010100110011
00000000000000000000100010010011
00000000101010001000101011100011
00000010100000011110100110010011
01000000001101111000010100110011
01000000010001010101010100010011
00000000000001010111010100110011
00000000000000000000100010010011
00000000101010001000001111100011
00000101010000000000000010010011
00000000000000011011000001101111
00000100011000000000000010010011