00001010000100000000011000010011
00000011010100000000010100010011
00000000101001100010001000110011
00000000110001010110001111100011
00000000110001010111011101100011
00001010111101100110100100010011
01000000110001010000111010110011
01000000000011101101111010010011
00000000000011101111111010110011
00000000000000000000000100010011
00000001110100010000101011100011
00001100001101100110100100010011
01000000110001010000111010110011
01000000010011101101111010010011
00000000000011101111111010110011
00000000000000000000000100010011
00000001110100010000101011100011
00000101010000000000000010010011
00000000000000011011000001101111
00000100011000000000000010010011