00000100011100000000101100010011
10000000000000000000100010010011
00101011111010110010111110010011
00000001011010001110001111100011
00000001011010001111011101100011
00000101111110110110001100010011
01000001011010001000000100110011
01000000001100010101000100010011
00000000000000010111000100110011
00000000000000000000101010010011
00000000001010101000101011100011
00001011110110110110001100010011
01000001011010001000000100110011
01000000000000010101000100010011
00000000000000010111000100110011
00000000000000000000101010010011
00000000001010101000101011100011
00000101010000000000000010010011
00000000000000011011000001101111
00000100011000000000000010010011