00000101100000000000101010010011
00000010111100000000011000010011
00000100110000000000000110010011
00000001010101100110001111100011
00000001010101100111011101100011
00000101110100011000011110010011
00000010101000011111101000010011
00000000111110100000101000110011
00000000001110100101101000010011
00000001011000000000100100010011
00000001010010010001110001100011
00001010010100011110011110010011
00001001111100011100101000010011
00000000111110100000101000110011
01000000010010100101101000010011
00000001110000000000100100010011
00000001010010010001110001100011
00000101010000000000000010010011
00000000000000011011000001101111
00000100011000000000000010010011