00000000000000001001110100010111
00000000000000000110111000010111
00000000000000001000001110010111
00000000000000000010001010010111
00000000000000000010110110110111
00000000000000000010001000110111
00000000000000000010011010110111
00000000000000001000100100110111
00000011000101011000110100100011
00000011111101011100111000100011
00000100000101000000001110100011
00000101100001000100001010100011
00000100001101001000110110100011
00000101000001001100001000100011
00000100001001010000011010100011
00000101011101010100100100100011
00000101010010010010101010000011
00000101000001101010101000000011
00000100110000100010011000000011
00000100100011011010101100000011
00000100010000101010001100000011
00000100000000111010100110000011
00000011110011100010110010000011
00000011100011010010011110000011
00000010111110001001001111100011
00000011100111111001001111100011
00000011001100001001001111100011
00000010011011000001001111100011
00000011011000011001001111100011
00000010110010000001001111100011
00000011010000010001001111100011
00000011010110111001001111100011
00000101010000000000000010010011
00000000000000101010000001101111
00000100011000000000000010010011