00000010100000000000011110010011
00001100001100000000100100010011
00000101010100000000110000010011
00000000111110010110001111100011
00000000111110010111011101100011
00000110101111000000000110010011
00001011101111000111001000010011
00000000001100100000001000110011
00000000000000100101001000010011
00001101000100000000011000010011
00000000010001100001110001100011
00000110111111000110000110010011
00001000110111000100001000010011
00000000001100100000001000110011
01000000000100100101001000010011
00001010101100000000011000010011
00000000010001100001110001100011
00000101010000000000000010010011
00000000000000011011000001101111
00000100011000000000000010010011