00001001110000000000011010010011
00000011100100000000100110010011
00000010111100000000101010010011
00001001011100000000110100010011
00000000001100000000010110010011
00000000110110011100010011100011
00000000110110011101100001100011
01000001101010101000010010110011
00000001101010101111001110110011
00000000100100111000001110110011
00000000101100111101001110110011
11111111001100000000000010010011
00000000011100001001110101100011
00000001101010101110010010110011
00000001101010101100001110110011
00000000100100111000001110110011
01000000101100111101001110110011
00000010111000000000000010010011
00000000011100001001110101100011
00000101010000000000000010010011
00000000000000011101000001101111
00000100011000000000000010010011