00000001110100000000111000010011
11111011101000000000101100010011
00001100010000000000101000010011
00001100000000000000000010010011
00000000001100000000100010010011
00000001110010110100010011100011
00000001110010110101100001100011
01000000000110100000010000110011
00000000000110100111001100110011
00000000100000110010001100110011
00000001000100110101001100110011
00000001100000000000100110010011
00000000011010011001110101100011
00000000000110100110010000110011
00000000000110100100001100110011
00000000100000110011001100110011
01000001000100110101001100110011
00000001100100000000100110010011
00000000011010011001110101100011
00000101010000000000000010010011
00000000000000011101000001101111
00000100011000000000000010010011