00001001011100000000001000010011
00001001011000000000000110010011
00000000001100100011101110110011
00000000010000011110001111100011
00000000010000011111011101100011
00000001010000100110100000010011
01000000010000011000000010110011
01000000000100001101000010010011
00000000000000001111000010110011
00000000000000000000101000010011
00000000000110100000101011100011
00000111010000100110100000010011
01000000010000011000000010110011
01000000001100001101000010010011
00000000000000001111000010110011
00000000000000000000101000010011
00000000000110100000001111100011
00000101010000000000000010010011
00000000000000011011000001101111
00000100011000000000000010010011