00001000111000000000000110010011
00001000110100000000100010010011
00000001000100011011010010110011
00000000001110001110001111100011
00000000001110001111011101100011
00001000001000011110011110010011
01000000001110001000001010110011
01000000010000101101001010010011
00000000000000101111001010110011
00000000000000000000000010010011
00000000010100001000101011100011
00000111001000011110011110010011
01000000001110001000001010110011
01000000000100101101001010010011
00000000000000101111001010110011
00000000000000000000000010010011
00000000010100001000001111100011
00000101010000000000000010010011
00000000000000011011000001101111
00000100011000000000000010010011