00000000000000000111001100010111
00000000000000000100010000010111
00000000000000000001111000010111
00000000000000000010101110010111
00000000000000000000010010110111
00000000000000000000100110110111
00000000000000000010101010110111
00000000000000000010111010110111
00000010110001011100001100100011
00000100110101000000010000100011
00000101100101000100111000100011
00000101010001001000101110100011
00000100111101001100010010100011
00000100000101010000100110100011
00000101111101010100101010100011
00000101011001011000111010100011
00000101100011101010111100000011
00000101010010101010001110000011
00000101000010011010110110000011
00000100110001001010100010000011
00000100100010111010100000000011
00000100010011100010000110000011
00000100000001000010100100000011
00000011110000110010001000000011
00000010010001100001001111100011
00000011001001101001001111100011
00000010001111001001001111100011
00000011000010100001001111100011
00000011000101111001001111100011
00000011101100001001001111100011
00000010011111111001001111100011
00000011111010110001001111100011
00000101010000000000000010010011
00000000000000101010000001101111
00000100011000000000000010010011