00001010011000000000000110010011
10000000000000000000101110010011
00001100000000011010001110010011
00000000001110111110001111100011
00000000001110111111011101100011
00000010100000011110010110010011
01000000001110111000001100110011
01000000010000110101001100010011
00000000000000110111001100110011
00000000000000000000011110010011
00000000011001111000101011100011
00000100010100011110010110010011
01000000001110111000001100110011
01000000001100110101001100010011
00000000000000110111001100110011
00000000000000000000011110010011
00000000011001111000101011100011
00000101010000000000000010010011
00000000000000011011000001101111
00000100011000000000000010010011