10000000000000000000001110010011
00001011101100000000100110010011
00000001001100111011111110110011
00000000011110011110001111100011
00000000011110011111011101100011
00001011011000111110010100010011
01000000011110011000011110110011
01000000010001111101011110010011
00000000000001111111011110110011
00000000000000000000101010010011
00000000111110101000101011100011
00000000001100111110010100010011
01000000011110011000011110110011
01000000001001111101011110010011
00000000000001111111011110110011
00000000000000000000101010010011
00000000111110101000101011100011
00000101010000000000000010010011
00000000000000011011000001101111
00000100011000000000000010010011