00000000000000000111101010110111
00000000000000001000110100110111
00000000000000000001001000110111
00000000000000001000111100110111
00000110100100001000101010100011
00000110011000001000110100100011
00000111001100001000001000100011
00000111110100001000111100100011
00000110100011110000011000000011
00000110100000100000100100000011
00000110100011010000001010000011
00000110100010101000100010000011
00000001000101001001101111100011
00000000010100110001101111100011
00000001001010011001101111100011
00000000110011101001101111100011
00000101010000000000000010010011
00000000000000011010000001101111
00000100011000000000000010010011