00000110001100000000110100010011
00000000000000000000101010010011
00001010110100000000000010010011
00000111011100000000110010010011
00000000001000000000100110010011
00000001101010101100010011100011
00000001101010101101100001100011
01000001100100001000010100110011
00000001100100001111011000110011
00000000101001100010011000110011
00000001001101100101011000110011
00000001011000000000101100010011
00000000110010110001110101100011
00000001100100001110010100110011
00000001100100001100011000110011
00000000101001100011011000110011
01000001001101100101011000110011
00000111011000000000101100010011
00000000110010110001110101100011
00000101010000000000000010010011
00000000000000011101000001101111
00000100011000000000000010010011