00000000010000000000101000010011
00000000000000000000101010110011
00000000000000000000100110110011
00000000110000000000011110010011
00000100010000000000111010010011
00000100010000000000001110010011
00000100100000000000101100010011
00000011000000000000110100010011
00000011110100010100011110100011
00000010011100011000011110100011
00000011011000011100011110100011
00000101101000000000011110100011
00000000001010011001010110010011
00000000111101011000000110110011
00000011010000011000011010000011
00000000110110101000101010110011
00000000000110011000100110010011
00000001001110100000110001100011
00000000000000010001000001101111
00010000000000000000011100010011
00000000111010101001111101100011
00000101010000000000000010010011
00000000000000100001000001101111
00000100011000000000000010010011