00000000000000000011100010110111
00000000000000001001101000110111
00000000000000000101100000110111
00000000000000000111111010110111
00000000010000001000100010100011
00000001101000001000101000100011
00000001100100001000100000100011
00000000101100001000111010100011
00000000100011101000100100000011
00000000100010000000000110000011
00000000100010100000110000000011
00000000100010001000101110000011
00000001011100100001101111100011
00000001100011010001101111100011
00000000001111001001101111100011
00000001001001011001101111100011
00000101010000000000000010010011
00000000000000011010000001101111
00000100011000000000000010010011