00000001100100000000100100010011
00000011010100000000111010010011
00001000000100000000001100010011
00000001001011101110001111100011
00000001001011101111011101100011
00001000111000110000101110010011
00000000101100110111011110010011
00000001011101111000011110110011
00000000000101111101011110010011
00001000100000000000110010010011
00000000111111001001110001100011
00000111010100110110101110010011
00000111110100110100011110010011
00000001011101111000011110110011
01000000010001111101011110010011
00000001111100000000110010010011
00000000111111001001110001100011
00000101010000000000000010010011
00000000000000011011000001101111
00000100011000000000000010010011