00000000010000000000100110010011
00000000000000000000010110110011
00000000000000000000011110110011
00000001000000000000100000010011
00000000001000000000001100010011
00000010100000000000100010010011
00000000000000000000111100010011
00000000000000000000110100010011
00000011110000000000101000010011
00000001000100000000100000100011
00000001111000000100100000100011
00000001101000001000100000100011
00000001010000001100100000100011
00000000011001111001000100110011
00000001000000010000001110110011
00000000000000111100011010000011
00000000110101011000010110110011
00000000000101111000011110010011
00000000111110011000110011100011
00000000000000010010000001101111
00000110010000000000110010010011
00000001100101011001111111100011
00000101010000000000000010010011
00000000000000100010000001101111
00000100011000000000000010010011