00000000010000000000001000010011
00000000000000000000110110110011
00000000000000000000001100110011
00000100000000000000011110010011
00000001100000000000011010010011
00000001100000000000110010010011
00000000110000000000101000010011
00000010000000000000101010010011
00000100110100001100011110100011
00000101100100010000011110100011
00000101010000010100011110100011
00000101010100011000011110100011
00000000001000110001111100010011
00000000111111110000010000110011
00000100110001000000011000000011
00000000110011011000110110110011
00000000000100110000001100010011
00000000011000100000110001100011
00000000000000010001000001101111
00000101110000000000000110010011
00000000001111011001111101100011
00000101010000000000000010010011
00000000000000100001000001101111
00000100011000000000000010010011