10000000000000000000101110010011
00001001011100000000100010010011
00000001000110111011001100110011
00000001011110001110001111100011
00000001011110001111011101100011
00001010100110111110100000010011
01000001011110001000011100110011
01000000001101110101011100010011
00000000000001110111011100110011
00000000000000000000101000010011
00000000111010100000101011100011
00001010101110111110100000010011
01000001011110001000011100110011
01000000010001110101011100010011
00000000000001110111011100110011
00000000000000000000101000010011
00000000111010100000101011100011
00000101010000000000000010010011
00000000000000011011000001101111
00000100011000000000000010010011