00000000010000000000111000010011
00000000000000000000011100110011
00000000000000000000110010110011
00000001000000000000101010010011
00000000001000000000100010010011
00000100110000000000110000010011
00000100100000000000000010010011
00000000100000000000001010010011
00000010100000000000111100010011
00000011100000101000101010100011
00000010000100101100101010100011
00000010010100110000101010100011
00000011111000110100101010100011
00000001000111001001100100110011
00000001010110010000001100110011
00000011011010101000001100000011
00000001011001110000011100110011
00000000000111001000110010010011
00000001100111100000110011100011
00000000000000010010000001101111
00001100010000000000010010010011
00000000100101110001111111100011
00000101010000000000000010010011
00000000000000100010000001101111
00000100011000000000000010010011