00001011100100000000110010010011
00000011000000000000010010010011
00000011000011001011100010010011
00000001100101001110001111100011
00000001100101001111011101100011
00001011101011001110001100010011
01000001100101001000001110110011
01000000000100111101001110010011
00000000000000111111001110110011
00000000000000000000100100010011
00000000011110010000101011100011
00000001100011001110001100010011
01000001100101001000001110110011
01000000010000111101001110010011
00000000000000111111001110110011
00000000000000000000100100010011
00000000011110010000101011100011
00000101010000000000000010010011
00000000000000011011000001101111
00000100011000000000000010010011