10000000000000000000111000010011
00000001111000000000100110010011
00000001001111100011010110110011
00000001110010011110001111100011
00000001110010011111011101100011
00000010011111100110010000010011
01000001110010011000110010110011
01000000000111001101110010010011
00000000000011001111110010110011
00000000000000000000110000010011
00000001100111000000101011100011
00000010000011100110010000010011
01000001110010011000110010110011
01000000001111001101110010010011
00000000000011001111110010110011
00000000000000000000110000010011
00000001100111000000101011100011
00000101010000000000000010010011
00000000000000011011000001101111
00000100011000000000000010010011