00000000010000000000010000010011
00000000000000000000100100010011
00000000000000000000001100010011
00000100110000000000101100010011
00000001100000000000111100010011
00000011010000000000111110010011
00000000110000000000001010010011
00000100100000000000011110010011
00000001111000110000101100100011
00000001111100110100101100100011
00000000010100111000101100100011
00000000111100111100101100100011
00000000001000110001100010010011
00000001011010001000111010110011
00000001000011101001110000000011
00000001100010010000100100110011
00000000000100110000001100010011
00000000011001000000110001100011
00000000000000010001000001101111
00001010000000000000010110010011
00000000101110010001111101100011
00000101010000000000000010010011
00000000000000100001000001101111
00000100011000000000000010010011