00001000010000000000110000010011
00001100010000000000101010010011
00001000110000000000010100010011
00000001100010101110001111100011
00000001100010101111011101100011
00000011000101010000100110010011
00000001110001010111011100010011
00000001001101110000011100110011
00000000001001110101011100010011
00000011001000000000010110010011
00000000111001011001110001100011
00001001100101010110100110010011
00000000010001010100011100010011
00000001001101110000011100110011
01000000001001110101011100010011
00000100100100000000010110010011
00000000111001011001110001100011
00000101010000000000000010010011
00000000000000011011000001101111
00000100011000000000000010010011