10000000000000000000001110010011
00000110010000000000110100010011
00000001101000111011010010110011
00000000011111010110001111100011
00000000011111010111011101100011
00000101010100111110101010010011
01000000011111010000001000110011
01000000001000100101001000010011
00000000000000100111001000110011
00000000000000000000011100010011
00000000010001110000101011100011
00000001110000111110101010010011
01000000011111010000001000110011
01000000000000100101001000010011
00000000000000100111001000110011
00000000000000000000011100010011
00000000010001110000101011100011
00000101010000000000000010010011
00000000000000011011000001101111
00000100011000000000000010010011