00000000000000001001100110010111
00000000000000000011001000010111
00000000000000001001010010010111
00000000000000001000101110010111
00000000000000000110111010110111
00000000000000000110101100110111
00000000000000001001111110110111
00000000000000000000100100110111
00000101010101011100100110100011
00000111100001000000001000100011
00000110010101000100010010100011
00000110101101001000101110100011
00000110111001001100111010100011
00000110101001010000101100100011
00000111101101010100111110100011
00000110000101011000100100100011
00000111100010010010111000000011
00000111010011111010011010000011
00000111000010110010100010000011
00000110110011101010000100000011
00000110100010111010111100000011
00000110010001001010001100000011
00000110000000100010101000000011
00000101110010011010010000000011
00000010100010101001001111100011
00000011010011000001001111100011
00000010011000101001001111100011
00000011111001011001001111100011
00000010001001110001001111100011
00000011000101010001001111100011
00000010110111011001001111100011
00000011110000001001001111100011
00000101010000000000000010010011
00000000000000101010000001101111
00000100011000000000000010010011