10000000000000000000001100010011
00000010000100000000011010010011
00000000110100110011101010110011
00000000011001101110001111100011
00000000011001101111011101100011
00000111010100110110010010010011
01000000011001101000001000110011
01000000010000100101001000010011
00000000000000100111001000110011
00000000000000000000000110010011
00000000010000011000101011100011
00000011010000110110010010010011
01000000011001101000001000110011
01000000000000100101001000010011
00000000000000100111001000110011
00000000000000000000000110010011
00000000010000011000101011100011
00000101010000000000000010010011
00000000000000011011000001101111
00000100011000000000000010010011