00000001101100000000110010010011
00001001010000000000011010010011
00001001010011001011000010010011
00000001100101101110001111100011
00000001100101101111011101100011
00000011000011001110000110010011
01000001100101101000111010110011
01000000001011101101111010010011
00000000000011101111111010110011
00000000000000000000000100010011
00000001110100010000101011100011
00000001001111001110000110010011
01000001100101101000111010110011
01000000010011101101111010010011
00000000000011101111111010110011
00000000000000000000000100010011
00000001110100010000101011100011
00000101010000000000000010010011
00000000000000011011000001101111
00000100011000000000000010010011