00000000100100000000011100010011
11111010011000000000110000010011
00001010010100000000100000010011
00001100000100000000001010010011
00000000001100000000101010010011
00000000111011000100010011100011
00000000111011000101100001100011
01000000010110000000100110110011
00000000010110000111010010110011
00000001001101001000010010110011
00000001010101001101010010110011
00000000110000000000000010010011
00000000100100001001110101100011
00000000010110000110100110110011
00000000010110000100010010110011
00000001001101001000010010110011
01000001010101001101010010110011
00000010100100000000000010010011
00000000100100001001110101100011
00000101010000000000000010010011
00000000000000011101000001101111
00000100011000000000000010010011