00000000010000000000110000010011
00000000000000000000101100110011
00000000000000000000110010110011
00000001100000000000010100010011
00000000001000000000110110010011
00000010000000000000010110010011
00000100110000000000110100010011
00000001100000000000011000010011
00000100010000000000001100010011
00000000101100001100010100100011
00000001101000010000010100100011
00000000110000010100010100100011
00000000011000011000010100100011
00000001101111001001100100110011
00000000101010010000000010110011
00000000110000001100101000000011
00000001010010110000101100110011
00000000000111001000110010010011
00000001100111000000110011100011
00000000000000010010000001101111
00001100100000000000010000010011
00000000100010110001111111100011
00000101010000000000000010010011
00000000000000100010000001101111
00000100011000000000000010010011