00000000000000000111110110110111
00000000000000000101010010110111
00000000000000000010011100110111
00000000000000000110001100110111
00000001011001000000110110100011
00000000101001000100010010100011
00000001010101001000011100100011
00000001111001001100001100100011
00000000110000110010000100000011
00000000100001110010111110000011
00000000010001001010110100000011
00000000000011011010000110000011
00000000001110110001101111100011
00000001101001010001101111100011
00000001111110101001101111100011
00000000001011110001101111100011
00000101010000000000000010010011
00000000000000011010000001101111
00000100011000000000000010010011