00000010001100000000110110010011
10000000000000000000011010010011
00101011001111011010001010010011
00000001101101101110001111100011
00000001101101101111011101100011
00000000111011011110001000010011
01000001101101101000101100110011
01000000001010110101101100010011
00000000000010110111101100110011
00000000000000000000000010010011
00000001011000001000101011100011
00001001010111011110001000010011
01000001101101101000101100110011
01000000000010110101101100010011
00000000000010110111101100110011
00000000000000000000000010010011
00000001011000001000101011100011
00000101010000000000000010010011
00000000000000011011000001101111
00000100011000000000000010010011