00000000010000000000111010010011
00000000000000000000000100010011
00000000000000000000110110010011
00000000000000000000001100010011
00000000110000000000101010010011
00000000010000000000010010010011
00000000100000000000110100010011
00000000100000000000010100010011
00000011010100101100001100100011
00000010100100110000001100100011
00000011101000110100001100100011
00000010101000111000001100100011
00000000001011011001010000010011
00000000011001000000101000110011
00000010110010100001011100000011
00000000111000010000000100110011
00000000000111011000110110010011
00000001101111101000110001100011
00000000000000010001000001101111
00000010000000000000111000010011
00000001110000010001111101100011
00000101010000000000000010010011
00000000000000100001000001101111
00000100011000000000000010010011