00000111110100000000001000010011
10000000000000000000010110010011
00000000101100100010101010010011
00000000010001011110001111100011
00000000010001011111011101100011
00000001010000100110111000010011
01000000010001011000001010110011
01000000001100101101001010010011
00000000000000101111001010110011
00000000000000000000101110010011
00000000010110111000101011100011
00001011010000100110111000010011
01000000010001011000001010110011
01000000010000101101001010010011
00000000000000101111001010110011
00000000000000000000101110010011
00000000010110111000101011100011
00000101010000000000000010010011
00000000000000011011000001101111
00000100011000000000000010010011