00000101101100000000001100010011
10000000000000000000000010010011
00111010110000110010100110010011
00000000011000001110001111100011
00000000011000001111011101100011
00000111001100110110100010010011
01000000011000001000111110110011
01000000001011111101111110010011
00000000000011111111111110110011
00000000000000000000110010010011
00000001111111001000101011100011
00001001011100110110100010010011
01000000011000001000111110110011
01000000010011111101111110010011
00000000000011111111111110110011
00000000000000000000110010010011
00000001111111001000101011100011
00000101010000000000000010010011
00000000000000011011000001101111
00000100011000000000000010010011