00000000101000000000100000010011
11111010011100000000001100010011
00001000000100000000100100010011
00001011011100000000111000010011
00000000000000000000011100010011
00000001000000110100010011100011
00000001000000110101100001100011
01000001110010010000101110110011
00000001110010010111100110110011
00000001011110011010100110110011
00000000111010011101100110110011
00000100101100000000001010010011
00000001001100101001110101100011
00000001110010010110101110110011
00000001110010010100100110110011
00000001011110011011100110110011
01000000111010011101100110110011
00001110110100000000001010010011
00000001001100101001110101100011
00000101010000000000000010010011
00000000000000011101000001101111
00000100011000000000000010010011