00000000000000000100010010110111
00000000000000000101100110110111
00000000000000001001111010110111
00000000000000000010110010110111
00000011010101011000010010100011
00000010001101011100100110100011
00000101000001000000111010100011
00000101101101000100110010100011
00000100010011001010111000000011
00000100000011101010001010000011
00000011110010011010001000000011
00000011100001001010100010000011
00000001000110101001101111100011
00000000010000011001101111100011
00000000010110000001101111100011
00000001110011011001101111100011
00000101010000000000000010010011
00000000000000011010000001101111
00000100011000000000000010010011