00001000110100000000010010010011
00000110111100000000111110010011
00000110111101001011000010010011
00000000100111111110001111100011
00000000100111111111011101100011
00000010010101001110010000010011
01000000100111111000010100110011
01000000000001010101010100010011
00000000000001010111010100110011
00000000000000000000111010010011
00000000101011101000101011100011
00000110011101001110010000010011
01000000100111111000010100110011
01000000000001010101010100010011
00000000000001010111010100110011
00000000000000000000111010010011
00000000101011101000101011100011
00000101010000000000000010010011
00000000000000011011000001101111
00000100011000000000000010010011