00000010010000000000011100010011
00001010010000000000111110010011
00001010010001110011100000010011
00000000111011111110001111100011
00000000111011111111011101100011
00000110011101110110101110010011
01000000111011111000010110110011
01000000001001011101010110010011
00000000000001011111010110110011
00000000000000000000010100010011
00000000101101010000101011100011
00001001101001110110101110010011
01000000111011111000010110110011
01000000000101011101010110010011
00000000000001011111010110110011
00000000000000000000010100010011
00000000101101010000101011100011
00000101010000000000000010010011
00000000000000011011000001101111
00000100011000000000000010010011