00000000000000000000100000110111
00000000000000001001111000110111
00000000000000000001110010110111
00000000000000000011101010110111
00000000000000000111011010110111
00000000000000001000011000110111
00000000000000000000000110110111
00000000000000000000000100110111
00000111101101010000100000100011
00000111101001010100111000100011
00000110100001011000110010100011
00000110010101011100101010100011
00001001011101000000011010100011
00001000101001000100011000100011
00001000111101001000000110100011
00001001011001001100000100100011
00001000110000010010001110000011
00001000100000011010011100000011
00001000010001100010100110000011
00001000000001101010100100000011
00000111110010101010101000000011
00000111100011001010111010000011
00000111010011100010100010000011
00000111000010000010010110000011
00000010101111011001001111100011
00000011000111010001001111100011
00000011110101000001001111100011
00000011010000101001001111100011
00000011001010111001001111100011
00000011001101010001001111100011
00000010111001111001001111100011
00000010011110110001001111100011
00000101010000000000000010010011
00000000000000101010000001101111
00000100011000000000000010010011