00000000010000000000110010010011
00000000000000000000011000110011
00000000000000000000000100110011
00000000110000000000001000010011
00000000001000000000011110010011
00000011010000000000100000010011
00000000110000000000001110010011
00000001010000000000110100010011
00000001100000000000010100010011
00000011000000011000001000100011
00000010011100011100001000100011
00000101101000000000001000100011
00000100101000000100001000100011
00000000111100010001000010110011
00000000010000001000101110110011
00000011100010111100101010000011
00000001010101100000011000110011
00000000000100010000000100010011
00000000001011001000110011100011
00000000000000010010000001101111
00000110110000000000111100010011
00000001111001100001111111100011
00000101010000000000000010010011
00000000000000100010000001101111
00000100011000000000000010010011