00000000010000000000001100010011
00000000000000000000100000110011
00000000000000000000111110110011
00000001010000000000000100010011
00000000001000000000111000010011
00000010010000000000001010010011
00000001000000000000100110010011
00000001010000000000110000010011
00000100100000000000011000010011
00000010010100000100000100100011
00000011001100001000000100100011
00000011100000001100000100100011
00000010110000010000000100100011
00000001110011111001011010110011
00000000001001101000100010110011
00000010010010001100001000000011
00000000010010000000100000110011
00000000000111111000111110010011
00000001111100110000110011100011
00000000000000010010000001101111
00001001000000000000110100010011
00000001101010000001111111100011
00000101010000000000000010010011
00000000000000100010000001101111
00000100011000000000000010010011