00000001111000000000001110010011
00000001110100000000000010010011
00000000000100111011001100110011
00000000011100001110001111100011
00000000011100001111011101100011
00001001110000111110011010010011
01000000011100001000011110110011
01000000000101111101011110010011
00000000000001111111011110110011
00000000000000000000101000010011
00000000111110100000101011100011
00001010110000111110011010010011
01000000011100001000011110110011
01000000001001111101011110010011
00000000000001111111011110110011
00000000000000000000101000010011
00000000111110100000001111100011
00000101010000000000000010010011
00000000000000011011000001101111
00000100011000000000000010010011