00000100010000000000000010010011
00001100011100000000111010010011
00000001110100001010001010110011
00000000000111101110001111100011
00000000000111101111011101100011
00000000000000001110111110010011
01000000000111101000110110110011
01000000000011011101110110010011
00000000000011011111110110110011
00000000000000000000001100010011
00000001101100110000101011100011
00001010000000001110111110010011
01000000000111101000110110110011
01000000001011011101110110010011
00000000000011011111110110110011
00000000000000000000001100010011
00000001101100110000101011100011
00000101010000000000000010010011
00000000000000011011000001101111
00000100011000000000000010010011