00000000010000000000111100010011
00000000000000000000110100110011
00000000000000000000100000110011
00000011110000000000101110010011
00000000001000000000010110010011
00000010110000000000011010010011
00000100100000000000010010010011
00000011010000000000001110010011
00000000100000000000010000010011
00000000110100111100101110100011
00000010100100100000101110100011
00000010011100100100101110100011
00000010100000101000101110100011
00000000101110000001100100110011
00000001011110010000111110110011
00000000011010111100111110000011
00000000011011010000110100110011
00000000000110000000100000010011
00000001000011110000110011100011
00000000000000010010000001101111
00001011000000000000011100010011
00000000111011010001111111100011
00000101010000000000000010010011
00000000000000100010000001101111
00000100011000000000000010010011