00000000000000000111000010010111
00000000000000000011011110010111
00000000000000000000110100010111
00000000000000000110111000010111
00000000000000000110010110110111
00000000000000000111111110110111
00000000000000000101101110110111
00000000000000000000010000110111
00000111001101000100000010100011
00000111010101001000011110100011
00000110001001001100110100100011
00000111000101010000111000100011
00000110010101010100010110100011
00000111100101011000111110100011
00000111000001011100101110100011
00001000111001000000010000100011
00001000000001000010111010000011
00000111110010111010111100000011
00000111100011111010011010000011
00000111010001011010010100000011
00000111000011100010000110000011
00000110110011010010101000000011
00000110100001111010010010000011
00000110010000001010001000000011
00000010010010011001001111100011
00000010100110101001001111100011
00000011010000010001001111100011
00000010001110001001001111100011
00000010101000101001001111100011
00000010110111001001001111100011
00000011111010000001001111100011
00000011110101110001001111100011
00000101010000000000000010010011
00000000000000101010000001101111
00000100011000000000000010010011