00000000000000000011001110110111
00000000000000000100100010110111
00000000000000000111100100110111
00000000000000000111111110110111
00000000000000000101101010110111
00000000000000001001100110110111
00000000000000000001010010110111
00000000000000001000010110110111
00000011000001001100001110100011
00000010110001010000100010100011
00000011101101010100100100100011
00000011100101011000111110100011
00000010010001011100101010100011
00000101110001000000100110100011
00000101010001000100010010100011
00000101110101001000010110100011
00000100100001011010101110000011
00000100010001001010011010000011
00000100000010011010101100000011
00000011110010101010111100000011
00000011100011111010110000000011
00000011010010010010000100000011
00000011000010001010011110000011
00000010110000111010000110000011
00000010001110000001001111100011
00000010111101100001001111100011
00000010001011011001001111100011
00000011100011001001001111100011
00000011111000100001001111100011
00000011011011100001001111100011
00000010110110100001001111100011
00000011011111101001001111100011
00000101010000000000000010010011
00000000000000101010000001101111
00000100011000000000000010010011