00000000010000000000011000010011
00000000000000000000110100110011
00000000000000000000011110110011
00000001100000000000111110010011
00000000001000000000001100010011
00000000000000000000101010010011
00000011010000000000100100010011
00000001100000000000001000010011
00000000110000000000101110010011
00000011010100111100111110100011
00000101001000100000111110100011
00000100010000100100111110100011
00000101011100101000111110100011
00000000011001111001010010110011
00000001111101001000010100110011
00000010011110111100010100000011
00000000011111010000110100110011
00000000000101111000011110010011
00000000111101100000110011100011
00000000000000010010000001101111
00000101100000000000000100010011
00000000001011010001111111100011
00000101010000000000000010010011
00000000000000100010000001101111
00000100011000000000000010010011