00000000000000000110001010110111
00000000000000000001011110110111
00000000000000000100010000110111
00000000000000000111111010110111
00000000000000000110111000110111
00000000000000000001010010110111
00000000000000000110111100110111
00000000000000001000011100110111
00000100110001001100001010100011
00000101001101010000011110100011
00000101010101010100010000100011
00000101101001011000111010100011
00000101100101011100111000100011
00000111000001000000010010100011
00000111111101000100111100100011
00000111011001001000011100100011
00000110100001110010101000000011
00000110010011110010001110000011
00000110000001001010100010000011
00000101110011100010100100000011
00000101100011101010001100000011
00000101010001000010000100000011
00000101000001111010011010000011
00000100110000101010000110000011
00000010001101100001001111100011
00000010110110011001001111100011
00000010001010101001001111100011
00000010011011010001001111100011
00000011001011001001001111100011
00000011000110000001001111100011
00000010011111111001001111100011
00000011010010110001001111100011
00000101010000000000000010010011
00000000000000101010000001101111
00000100011000000000000010010011