00000000000000000001111100010111
00000000000000000100010000010111
00000000000000000010011000010111
00000000000000001000110110010111
00000000000000000101101110110111
00000000000000000000101010110111
00000000000000000110110010110111
00000000000000000001100010110111
00000010000101001000111100100011
00000010010101001100010000100011
00000011001001010000011000100011
00000011011001010100110110100011
00000011111101011000101110100011
00000010100101011100101010100011
00000101100001000000110010100011
00000101101001000100100010100011
00000100010010001010101000000011
00000100000011001010000100000011
00000011110010101010100000000011
00000011100010111010001110000011
00000011010011011010000110000011
00000011000001100010010100000011
00000010110001000010001100000011
00000010100011110010111010000011
00000011110100001001001111100011
00000010011000101001001111100011
00000010101010010001001111100011
00000010001110110001001111100011
00000010011111111001001111100011
00000011000001001001001111100011
00000010001011000001001111100011
00000011010011010001001111100011
00000101010000000000000010010011
00000000000000101010000001101111
00000100011000000000000010010011