00001011111000000000000100010011
00000101101100000000010100010011
00001100011000000000101000010011
00001011111100000000001110010011
00000000001100000000111100010011
00000000001001010100010011100011
00000000001001010101100001100011
01000000011110100000011000110011
00000000011110100111111010110011
00000000110011101000111010110011
00000001111011101101111010110011
00000001000100000000101100010011
00000001110110110001110101100011
00000000011110100110011000110011
00000000011110100100111010110011
00000000110011101000111010110011
01000001111011101101111010110011
00000010111100000000101100010011
00000001110110110001110101100011
00000101010000000000000010010011
00000000000000011101000001101111
00000100011000000000000010010011