10000000000000000000110110010011
00001011110100000000000010010011
00000000000111011011101100110011
00000001101100001110001111100011
00000001101100001111011101100011
00001011111011011110101110010011
01000001101100001000010000110011
01000000000001000101010000010011
00000000000001000111010000110011
00000000000000000000011010010011
00000000100001101000101011100011
00001001110111011110101110010011
01000001101100001000010000110011
01000000000101000101010000010011
00000000000001000111010000110011
00000000000000000000011010010011
00000000100001101000101011100011
00000101010000000000000010010011
00000000000000011011000001101111
00000100011000000000000010010011