00000000000000000000101000010011
11111111111100000000100110010011
00000001001110100011000110110011
00000001010010011110001111100011
00000001010010011111011101100011
00001001001110100110110100010011
01000001010010011000011010110011
01000000001101101101011010010011
00000000000001101111011010110011
00000000000000000000101010010011
00000000110110101000101011100011
00001000101110100110110100010011
01000001010010011000011010110011
01000000001101101101011010010011
00000000000001101111011010110011
00000000000000000000101010010011
00000000110110101000001111100011
00000101010000000000000010010011
00000000000000011011000001101111
00000100011000000000000010010011