00000000010000000000110110010011
00000000000000000000101010110011
00000000000000000000100110110011
00000010000000000000011100010011
00000000001000000000101000010011
00000011110000000000101100010011
00000010110000000000000010010011
00000000100000000000111100010011
00000100100000000000001100010011
00000011011000110000011100100011
00000010000100110100011100100011
00000011111000111000011100100011
00000010011000111100011100100011
00000001010010011001000100110011
00000000111000010000000110110011
00000010101110110000000110000011
00000000101110101000101010110011
00000000000110011000100110010011
00000001001111011000110011100011
00000000000000010010000001101111
00001011100000000000111110010011
00000001111110101001111111100011
00000101010000000000000010010011
00000000000000100010000001101111
00000100011000000000000010010011