00000001000100000000100000010011
00000000000100000000110000010011
00000000000100000000000010010011
00000000001100000000010100010011
00000001000000000000011111100011
00000001000000001000100111100011
00000001000001010100101111100011
00000000000111000000111100110011
00000000000000001000110000010011
00000000000011110000000010010011
00000000000101010000010100010011
00000000000000001001000001101111
00000000000000000000111100010011
00000000000000000000010010010011
00000001111001001001111101100011
00000000000100000000111100010011
00000000000100000000011010010011
00000001111001101001111101100011
01100011110100000000110010010011
00000001111011001001100111100011
00000101010000000000000010010011
00000000000000100001000001101111
00000100011000000000000010010011