00000000000000000100001100010111
00000000000000001001000100010111
00000000000000001000100100010111
00000000000000000001001000010111
00000000000000000001011010110111
00000000000000000010101100110111
00000000000000000010110000110111
00000000000000000110100110110111
00000101111101000000001100100011
00000100100101000100000100100011
00000101000101001000100100100011
00000101010001001100001000100011
00000100100001010000011010100011
00000100101101010100101100100011
00000100111101011000110000100011
00000100110001011100100110100011
00000101110010011010011100000011
00000101100011000010111010000011
00000101010010110010110100000011
00000101000001101010010100000011
00000100110000100010101010000011
00000100100010010010111100000011
00000100010000010010001010000011
00000100000000110010000110000011
00000010001111111001001111100011
00000010010101001001001111100011
00000011111010001001001111100011
00000011010110100001001111100011
00000010101001000001001111100011
00000011101001011001001111100011
00000011110101111001001111100011
00000010111001100001001111100011
00000101010000000000000010010011
00000000000000101010000001101111
00000100011000000000000010010011