00000000010000000000110100010011
00000000000000000000110000110011
00000000000000000000100000110011
00000001010000000000010000010011
00000000001000000000010100010011
00000011100000000000001000010011
00000100110000000000011010010011
00000000010000000000011000010011
00000001010000000000010110010011
00000000010000000100010000100011
00000000110100001000010000100011
00000000110000001100010000100011
00000000101100010000010000100011
00000000101010000001001010110011
00000000100000101000111100110011
00000000010011110100111010000011
00000001110111000000110000110011
00000000000110000000100000010011
00000001000011010000110011100011
00000000000000010010000001101111
00001001110000000000011100010011
00000000111011000001111111100011
00000101010000000000000010010011
00000000000000100010000001101111
00000100011000000000000010010011