00000000000000000111000110010111
00000000000000000110010110010111
00000000000000000001111110010111
00000000000000000010111000010111
00000000000000000100010000110111
00000000000000001000100010110111
00000000000000000111011110110111
00000000000000000100000010110111
00000100110001011100000110100011
00000111111001000000010110100011
00000111010101000100111110100011
00000110010101001000111000100011
00000111100101001100010000100011
00000111001001010000100010100011
00000111010001010100011110100011
00000111101001011000000010100011
00000111100000001010001000000011
00000111010001111010100110000011
00000111000010001010101110000011
00000110110001000010010010000011
00000110100011100010000100000011
00000110010011111010011100000011
00000110000001011010110110000011
00000101110000011010110000000011
00000011100001100001001111100011
00000011101111110001001111100011
00000010111010101001001111100011
00000010001000101001001111100011
00000010100111001001001111100011
00000011011110010001001111100011
00000011001110100001001111100011
00000010010011010001001111100011
00000101010000000000000010010011
00000000000000101010000001101111
00000100011000000000000010010011