00001011111000000000111010010011
00001011110100000000100100010011
00000001001011101011101110110011
00000001110110010110001111100011
00000001110110010111011101100011
00001001010111101110101000010011
01000001110110010000011000110011
01000000001001100101011000010011
00000000000001100111011000110011
00000000000000000000100000010011
00000000110010000000101011100011
00000000111011101110101000010011
01000001110110010000011000110011
01000000001101100101011000010011
00000000000001100111011000110011
00000000000000000000100000010011
00000000110010000000001111100011
00000101010000000000000010010011
00000000000000011011000001101111
00000100011000000000000010010011