00001000001100000000011100010011
00000010000000000000010010010011
00000000001100000000101100010011
00001000111000000000101110010011
00000000010000000000010100010011
00000000111001001100010011100011
00000000111001001101100001100011
01000001011110110000100010110011
00000001011110110111111010110011
00000001000111101000111010110011
00000000101011101101111010110011
11111111011100000000000010010011
00000001110100001001110101100011
00000001011110110110100010110011
00000001011110110100111010110011
00000001000111101000111010110011
01000000101011101101111010110011
00000001000100000000000010010011
00000001110100001001110101100011
00000101010000000000000010010011
00000000000000011101000001101111
00000100011000000000000010010011