00000000010000000000101000010011
00000000000000000000011010110011
00000000000000000000110000110011
00000100010000000000111100010011
00000010110000000000111000010011
00000011010000000000000010010011
00000100010000000000110100010011
00000000010000000000110110010011
00000001110000010000111100100011
00000000000100010100111100100011
00000001101000011000111100100011
00000001101100011100111100100011
00000000001011000001001100010011
00000001111000110000101100110011
00000001000010110000010110000011
00000000101101101000011010110011
00000000000111000000110000010011
00000001100010100000110001100011
00000000000000010001000001101111
00001010100000000000111110010011
00000001111101101001111101100011
00000101010000000000000010010011
00000000000000100001000001101111
00000100011000000000000010010011