00001000110100000000100000010011
00000010101000000000011100010011
00000101100000000000010000010011
00000011101000000000111000010011
00000000010000000000110110010011
00000001000001110100010011100011
00000001000001110101100001100011
01000001110001000000011110110011
00000001110001000111011000110011
00000000111101100000011000110011
00000001101101100101011000110011
00000000001100000000101110010011
00000000110010111001110101100011
00000001110001000110011110110011
00000001110001000100011000110011
00000000111101100000011000110011
01000001101101100101011000110011
00000000110100000000101110010011
00000000110010111001110101100011
00000101010000000000000010010011
00000000000000011101000001101111
00000100011000000000000010010011