00001010110000000000111010010011
00001001100000000000111110010011
00000000000100000000001100010011
00000001110111111110001111100011
00000001110111111111011101100011
00000110000100110000100000010011
00001010101100110111111100010011
00000001000011110000111100110011
00000000000111110101111100010011
00000011000100000000011000010011
00000001111001100001110001100011
00001011000100110110100000010011
00000111001100110100111100010011
00000001000011110000111100110011
01000000001011110101111100010011
00000100100000000000011000010011
00000001111001100001110001100011
00000101010000000000000010010011
00000000000000011011000001101111
00000100011000000000000010010011