00000011111000000000110000010011
11111101101100000000011010010011
00000001110100000000001100010011
00001001001000000000010100010011
00000000001000000000001010010011
00000001100001101100010011100011
00000001100001101101100001100011
01000000101000110000111100110011
00000000101000110111100100110011
00000001111010010000100100110011
00000000010110010101100100110011
11111110011000000000000100010011
00000001001000010001110101100011
00000000101000110110111100110011
00000000101000110100100100110011
00000001111010010000100100110011
01000000010110010101100100110011
00000100101100000000000100010011
00000001001000010001110101100011
00000101010000000000000010010011
00000000000000011101000001101111
00000100011000000000000010010011