00000100101000000000110100010011
00001001001100000000010000010011
00001001001111010011011110010011
00000001101001000110001111100011
00000001101001000111011101100011
00000010101111010110110110010011
01000001101001000000100000110011
01000000000110000101100000010011
00000000000010000111100000110011
00000000000000000000000110010011
00000001000000011000101011100011
00001001000011010110110110010011
01000001101001000000100000110011
01000000000010000101100000010011
00000000000010000111100000110011
00000000000000000000000110010011
00000001000000011000101011100011
00000101010000000000000010010011
00000000000000011011000001101111
00000100011000000000000010010011