00000000000000000000111000010111
00000000000000000001001100010111
00000000000000000111101110010111
00000000000000000011000100010111
00000000000000001001100000110111
00000000000000000110001000110111
00000000000000001001110000110111
00000000000000000101000010110111
00000100100001011000111000100011
00000101010101011100001100100011
00000111010001000000101110100011
00000110100101000100000100100011
00000110111001001000100000100011
00000111001001001100001000100011
00000111101001010000110000100011
00000110110101010100000010100011
00000111010000001010001010000011
00000111000011000010101100000011
00000110110000100010010100000011
00000110100010000010111110000011
00000110010000010010011000000011
00000110000010111010100010000011
00000101110000110010010110000011
00000101100011100010000110000011
00000010001101000001001111100011
00000010101110101001001111100011
00000011000110100001001111100011
00000010110001001001001111100011
00000011111101110001001111100011
00000010101010010001001111100011
00000011011011010001001111100011
00000010010101101001001111100011
00000101010000000000000010010011
00000000000000101010000001101111
00000100011000000000000010010011