00000010010000000000000110010011
10000000000000000000010010010011
00101001011100011010101010010011
00000000001101001110001111100011
00000000001101001111011101100011
00001010000000011110101100010011
01000000001101001000110010110011
01000000000011001101110010010011
00000000000011001111110010110011
00000000000000000000100000010011
00000001100110000000101011100011
00000010010100011110101100010011
01000000001101001000110010110011
01000000000011001101110010010011
00000000000011001111110010110011
00000000000000000000100000010011
00000001100110000000101011100011
00000101010000000000000010010011
00000000000000011011000001101111
00000100011000000000000010010011