00000000000000000010001000010111
00000000000000000101100110010111
00000000000000000101110010010111
00000000000000000001000100010111
00000000000000000100101110110111
00000000000000000111011010110111
00000000000000001001111010110111
00000000000000000111010100110111
00000100010101010000001000100011
00000100111101010100100110100011
00000101100001011000110010100011
00000101001001011100000100100011
00000110001101000000101110100011
00000110100101000100011010100011
00000110111001001000111010100011
00000111010001001100010100100011
00000110110001010010110110000011
00000110100011101010001110000011
00000110010001101010011000000011
00000110000010111010111110000011
00000101110000010010001100000011
00000101100011001010110100000011
00000101010010011010101100000011
00000101000000100010000010000011
00000010000100101001001111100011
00000011011001111001001111100011
00000011101011000001001111100011
00000010011010010001001111100011
00000011111100011001001111100011
00000010110001001001001111100011
00000010011101110001001111100011
00000011101110100001001111100011
00000101010000000000000010010011
00000000000000101010000001101111
00000100011000000000000010010011