00001001001000000000110010010011
00000010111100000000110100010011
00000000111000000000011010010011
00001100011100000000001110010011
00000000000000000000101000010011
00000001100111010100010011100011
00000001100111010101100001100011
01000000011101101000010000110011
00000000011101101111110110110011
00001100001111011010110110010011
00000001010011011101110110110011
11110100110100000000000110010011
00000001101100011001110101100011
00000000011101101110010000110011
00000000011101101100110110110011
00000010001011011011110110010011
01000001010011011101110110110011
00011001100000000000000110010011
00000001101100011001110101100011
00000101010000000000000010010011
00000000000000011101000001101111
00000100011000000000000010010011