00000000010000000000011000010011
00000000000000000000110010110011
00000000000000000000111110110011
00000000000000000000011100010011
00000000001000000000001000010011
00000010000000000000010100010011
00000001010000000000110000010011
00000010000000000000000010010011
00000011010000000000111000010011
00000010101000011000011100100011
00000011100000011100011100100011
00000100000100000000011100100011
00000101110000000100011100100011
00000000010011111001010110110011
00000000111001011000111010110011
00000011100011101100010010000011
00000000100111001000110010110011
00000000000111111000111110010011
00000001111101100000110011100011
00000000000000010010000001101111
00001000100000000000101000010011
00000001010011001001111111100011
00000101010000000000000010010011
00000000000000100010000001101111
00000100011000000000000010010011