00000000011000000000100100010011
11111010001100000000100000010011
00001011001000000000110110010011
00000111110000000000000100010011
00000000000100000000010100010011
00000001001010000100010011100011
00000001001010000101100001100011
01000000001011011000111100110011
00000000001011011111001100110011
00000110001100110010001100010011
00000000101000110101001100110011
00000011001100000000011010010011
00000000011001101001110101100011
00000000001011011110111100110011
00000000001011011100001100110011
00001000011000110011001100010011
01000000101000110101001100110011
00001110011000000000011010010011
00000000011001101001110101100011
00000101010000000000000010010011
00000000000000011101000001101111
00000100011000000000000010010011