00000000000000000011011000110111
00000000000000001001010010110111
00000000000000000101001010110111
00000000000000000000001100110111
00000000000000000010101110110111
00000000000000001001110110110111
00000000000000000110111010110111
00000000000000000000110100110111
00000010010001001000011000100011
00000011001101001100010010100011
00000010001001010000001010100011
00000010101101010100001100100011
00000010001101011000101110100011
00000010110101011100110110100011
00000101111001000000111010100011
00000100111001000100110100100011
00000100010011010010011110000011
00000100000011101010100100000011
00000011110011011010100000000011
00000011100010111010101000000011
00000011010000110010010100000011
00000011000000101010101100000011
00000010110001001010001110000011
00000010100001100010110000000011
00000011100000100001001111100011
00000010011110011001001111100011
00000011011000010001001111100011
00000010101001011001001111100011
00000011010000011001001111100011
00000011000001101001001111100011
00000011001011110001001111100011
00000010111101110001001111100011
00000101010000000000000010010011
00000000000000101010000001101111
00000100011000000000000010010011