00001011010100000000010000010011
00000010001100000000101100010011
00000010001101000011010100010011
00000000100010110110001111100011
00000000100010110111011101100011
00000001110001000110000010010011
01000000100010110000100010110011
01000000001010001101100010010011
00000000000010001111100010110011
00000000000000000000100110010011
00000001000110011000101011100011
00001100000101000110000010010011
01000000100010110000100010110011
01000000010010001101100010010011
00000000000010001111100010110011
00000000000000000000100110010011
00000001000110011000101011100011
00000101010000000000000010010011
00000000000000011011000001101111
00000100011000000000000010010011