00000000010000000000010000010011
00000000000000000000101010110011
00000000000000000000001000110011
00000001010000000000001010010011
00000110100000000000100110010011
00000000010000000000111100010011
00000010000000000000100000010011
00000011000000000000110100010011
00000001001101000100001010100011
00000001111001001000001010100011
00000001000001001100001010100011
00000001101001010000001010100011
00000000001000100001111000010011
00000000010111100000011000110011
00000000010001100010100010000011
00000001000110101000101010110011
00000000000100100000001000010011
00000000010001000000110001100011
00000000000000010001000001101111
00001011110000000000101100010011
00000001011010101001111101100011
00000101010000000000000010010011
00000000000000100001000001101111
00000100011000000000000010010011