00000000101100000000001100010011
00000000101000000000101000010011
00000001010000110011100000110011
00000000011010100110001111100011
00000000011010100111011101100011
00000000000100110110001110010011
01000000011010100000000010110011
01000000000100001101000010010011
00000000000000001111000010110011
00000000000000000000010010010011
00000000000101001000101011100011
00001100000100110110001110010011
01000000011010100000000010110011
01000000000000001101000010010011
00000000000000001111000010110011
00000000000000000000010010010011
00000000000101001000001111100011
00000101010000000000000010010011
00000000000000011011000001101111
00000100011000000000000010010011