00000110001100000000001110010011
00000001110000000000111100010011
00000001111000111010100010110011
00000000011111110110001111100011
00000000011111110111011101100011
00000001001000111110110110010011
01000000011111110000011100110011
01000000000101110101011100010011
00000000000001110111011100110011
00000000000000000000101010010011
00000000111010101000101011100011
00000100110100111110110110010011
01000000011111110000011100110011
01000000000101110101011100010011
00000000000001110111011100110011
00000000000000000000101010010011
00000000111010101000101011100011
00000101010000000000000010010011
00000000000000011011000001101111
00000100011000000000000010010011