00000000010000000000101100010011
00000000000000000000100110110011
00000000000000000000011000110011
00000000100000000000000010010011
00000000001000000000101110010011
00000011010000000000001110010011
00000100000000000000001100010011
00000001010000000000011010010011
00000100100000000000110100010011
00000100011100001100000010100011
00000100011000010000000010100011
00000100110100010100000010100011
00000101101000011000000010100011
00000001011101100001111000110011
00000000000111100000000110110011
00000100110000011100110000000011
00000001100010011000100110110011
00000000000101100000011000010011
00000000110010110000110011100011
00000000000000010010000001101111
00001101000000000000000100010011
00000000001010011001111111100011
00000101010000000000000010010011
00000000000000100010000001101111
00000100011000000000000010010011