00000000000000000101100110110111
00000000000000000011010000110111
00000000000000000110110000110111
00000000000000001001001100110111
00000011001001011000100110100011
00000010010001011100010000100011
00000101010001000000110000100011
00000101110001000100001100100011
00000100010000110010111100000011
00000100000011000010011010000011
00000011110001000010100010000011
00000011100010011010101110000011
00000001011110010001101111100011
00000001000100100001101111100011
00000000110110100001101111100011
00000001111011100001101111100011
00000101010000000000000010010011
00000000000000011010000001101111
00000100011000000000000010010011