00000000010000000000100000010011
00000000000000000000111100010011
00000000000000000000110110010011
00000000110000000000111000010011
00000010110000000000101110010011
00000100110000000000010010010011
00000100110000000000001010010011
00000100110000000000010110010011
00000101011100101000111000100011
00000100100100101100111000100011
00000100010100110000111000100011
00000100101100110100111000100011
00000000001011011001011000010011
00000001110001100000110100110011
00000100100011010001101010000011
00000001010111110000111100110011
00000000000111011000110110010011
00000001101110000000110001100011
00000000000000010001000001101111
00010001000000000000111010010011
00000001110111110001111101100011
00000101010000000000000010010011
00000000000000100001000001101111
00000100011000000000000010010011